grasp_pose,operation,secs,nsecs,fx,fy,fz,tx,ty,tz
"[-0.018, -0.004999999999999987, 0.035]",,632,240999991,-0.04894128560355643,-0.0233506580953744,-0.167406194991373,-0.12264688855058786,0.5210795581387266,-1.2957310040112482
"[-0.018, -0.004999999999999987, 0.035]",,632,244999991,-0.024744660252030315,-0.017813323213952792,-0.09572553370146597,-0.1230143293943107,0.5214288417071822,-1.2965473237813296
"[-0.018, -0.004999999999999987, 0.035]",,632,248999991,0.01587283036092879,0.003657066124399755,0.04703148974973459,-0.0002434029871445087,0.0002290957298866081,-0.0005250080709523486
"[-0.018, -0.004999999999999987, 0.035]",,632,252999991,-0.11265876461817348,-4.23117883333755,-2.379414117604435,0.526332834272763,-0.43494378206906836,0.6335992142326858
"[-0.018, -0.004999999999999987, 0.035]",,632,256999991,-0.18175099802755112,-6.502569460209223,-4.66767009764504,0.4958628063719217,-0.6269686445688125,0.841073127065322
"[-0.018, -0.004999999999999987, 0.035]",,632,260999991,-0.1819155417034264,-6.681320140612839,-4.756152771980021,-0.9227822266030523,-0.6395009027891212,0.8477512634863357
"[-0.018, -0.004999999999999987, 0.035]",,632,264999991,-0.18022705442828518,-6.681843115904867,-4.765265973045135,0.5043892146670149,-0.6405361857126547,0.8543530069751409
"[-0.018, -0.004999999999999987, 0.035]",,632,268999991,-0.18095234242187969,-6.761182964251229,-4.813879645382292,0.5094084810172095,-0.6443782099083409,0.85467104050506
"[-0.018, -0.004999999999999987, 0.035]",,632,272999991,-0.18105220989094772,-6.80038385966039,-4.836529493250845,0.5120256271034701,-0.6460863840676966,0.8542950556384049
"[-0.018, -0.004999999999999987, 0.035]",,632,276999991,-0.18184299150248667,-6.860162438381287,-4.856580877237981,-0.9110758385525701,-0.6481750025654021,0.848016263920767
"[-0.018, -0.004999999999999987, 0.035]",,632,280999991,-0.18245807194501024,-6.893281203343809,-4.878170277492375,-0.9089120880206865,-0.6495652791056021,0.8477946772434496
"[-0.018, -0.004999999999999987, 0.035]",,632,284999991,-0.18174756008693888,-6.870330210604486,-4.878689147651691,0.516846718624406,-0.6489691168435778,0.8534340607839387
"[-0.018, -0.004999999999999987, 0.035]",,632,288999991,-0.18367683872103913,-6.960439716917913,-4.925212611362788,0.5218280694051467,-0.6518651053114991,0.853119150081843
"[-0.018, -0.004999999999999987, 0.035]",,632,292999991,-0.1841701541062173,-7.058616962054592,-4.939880083737048,0.5246408762107565,-0.6524887130182336,0.8565377224603575
"[-0.018, -0.004999999999999987, 0.035]",,632,296999991,-0.1862939393534329,-7.075916714246171,-4.985076871564983,0.5267833058824659,-0.6555875543461168,0.8515160722613345
"[-0.018, -0.004999999999999987, 0.035]",,632,300999991,-0.18756612608644496,-7.074848385142017,-5.014373499462112,0.5267039722034088,-0.6573274678725985,0.8515388840666255
"[-0.018, -0.004999999999999987, 0.035]",,632,304999991,-0.18840507272500195,-7.0664947677525065,-5.033965671522864,0.5262596542815631,-0.6584670190096831,0.8517669815392337
"[-0.018, -0.004999999999999987, 0.035]",,632,308999991,-0.18794694713654198,-7.08361555132054,-5.027477774407922,0.5253923298884771,-0.657697362752946,0.85645622144497
"[-0.018, -0.004999999999999987, 0.035]",,632,312999991,-0.18776346080268308,-7.092015790803903,-5.023822248793021,0.5255412017880757,-0.6574731662597888,0.8564285323944556
"[-0.018, -0.004999999999999987, 0.035]",,632,316999991,-0.18808265263143187,-7.071142601637958,-5.028271462986307,0.525871344842061,-0.6580979471600077,0.8518495812816639
"[-0.018, -0.004999999999999987, 0.035]",,632,321999991,-0.18749405311137674,-7.053321889075016,-5.003465337408198,-0.9018815551741013,-0.6572526528411422,0.846217358782278
"[-0.018, -0.004999999999999987, 0.035]",,632,324999991,-0.1866826592565688,-7.04367457539168,-4.9975599909504425,0.52415081975366,-0.6562817830954071,0.8517911098078336
"[-0.018, -0.004999999999999987, 0.035]",,632,328999991,-0.18464193565546572,-6.922232864758437,-4.953420778572408,0.5185638378910348,-0.6535686031446222,0.8527434933234428
"[-0.018, -0.004999999999999987, 0.035]",,632,332999991,-0.18416764842069794,-7.0367295306883175,-4.944469644651138,0.5216828208110084,-0.6527762851877446,0.8561424275810381
"[-0.018, -0.004999999999999987, 0.035]",,632,336999991,-0.18418639423546096,-6.988911144920997,-4.941890735552228,0.5207223639738474,-0.6529837896108208,0.8515934880808395
"[-0.018, -0.004999999999999987, 0.035]",,632,340999991,-0.1828090772938803,-6.9763971322731235,-4.91421853477525,0.5183119535146049,-0.6509553436327589,0.8563155174860427
"[-0.018, -0.004999999999999987, 0.035]",,632,344999991,-0.18215930012395892,-6.960472201225416,-4.899575983773882,0.5171720048084385,-0.6500722424026049,0.8563311177464198
"[-0.018, -0.004999999999999987, 0.035]",,632,349999991,-0.1815480910497977,-6.872153990365904,-4.883194615450369,0.5140041127554471,-0.6493868819216418,0.8519871791110954
"[-0.018, -0.004999999999999987, 0.035]",,632,352999991,-0.18199477894198823,-6.914684212174228,-4.892527125911418,0.5157449862107707,-0.6500016395972773,0.8517235591208066
"[-0.018, -0.004999999999999987, 0.035]",,632,356999991,-0.18179248094710604,-6.8959095731181765,-4.887994878273972,0.5144704448851011,-0.6497168427510674,0.8518597490915938
"[-0.018, -0.004999999999999987, 0.035]",,632,360999991,-0.18091679727979032,-6.91057608760089,-4.871343793570503,0.5131216981488973,-0.6483441311113176,0.8565466624718574
"[-0.018, -0.004999999999999987, 0.035]",,632,364999991,-0.181550311622374,-6.895099578081711,-4.882303596426134,0.5134533608178932,-0.6493710543807636,0.8518358060574209
"[-0.018, -0.004999999999999987, 0.035]",,632,368999991,-0.1809143586698817,-6.916474566366932,-4.871063443191728,0.5124014431420825,-0.6483291448065733,0.8564941639489717
"[-0.018, -0.004999999999999987, 0.035]",,632,372999991,-0.18103908981586442,-6.92898660127303,-4.873743145644509,0.5124582175482201,-0.6484993101440033,0.8563842434375616
"[-0.018, -0.004999999999999987, 0.035]",,632,376999991,-0.1812817583786273,-6.939127865673217,-4.879187399330807,0.5124329189277139,-0.6488355710965049,0.8563089738909975
"[-0.018, -0.004999999999999987, 0.035]",,632,380999991,-0.18159983010932412,-6.947185838922689,-4.886449690881204,0.5123331943967033,-0.6492788807602541,0.8562850123519712
"[-0.018, -0.004999999999999987, 0.035]",,632,384999991,-0.18194528655716719,-6.954502716755119,-4.894414882015159,0.5122139366481642,-0.6497619556431787,0.8562985957036541
"[-0.018, -0.004999999999999987, 0.035]",,632,388999991,-0.183333265586677,-6.925186406355822,-4.910925159936944,-0.9149357965104568,-0.6517256902961567,0.845805910267159
"[-0.018, -0.004999999999999987, 0.035]",,632,392999991,-0.18331128523068868,-6.9321606719666065,-4.922773199209679,0.5119501653455604,-0.6518253651413202,0.8518589005181578
"[-0.018, -0.004999999999999987, 0.035]",,632,396999991,-0.18350486501411667,-6.934166212042863,-4.9274189910613995,0.5116395432473148,-0.6520978751004506,0.8519797161522598
"[-0.018, -0.004999999999999987, 0.035]",,632,400999991,-0.18289656609059152,-6.965903346621704,-4.9168922119025265,0.5110911681245508,-0.651096049854567,0.8567006346232338
"[-0.018, -0.004999999999999987, 0.035]",,632,404999991,-2.205104330133329,-6.9311960825766965,-4.058346766476035,0.45662774611750967,-0.7843846301028509,0.7968245369473652
"[-0.018, -0.004999999999999987, 0.035]",,632,408999991,-0.8979841473717871,-6.349538351333667,-5.614016430861392,0.4968391748573949,-0.6932549336050273,0.8348447265093913
"[-0.018, -0.004999999999999987, 0.035]",,632,412999991,-0.64673901633313,-6.395982361830457,-5.020882256426621,0.47287262067271496,-0.6799755989190636,0.8490737995787164
"[-0.018, -0.004999999999999987, 0.035]",,632,416999991,-0.6388951068728194,-6.515972796818494,-5.058079422305811,0.4778115476859074,-0.6778378658698747,0.8507360958260184
"[-0.018, -0.004999999999999987, 0.035]",,632,420999991,-0.6254536547937943,-6.530455926548138,-4.990916055594207,0.47685089557945626,-0.6779160486076609,0.8463625768824263
"[-0.018, -0.004999999999999987, 0.035]",,632,424999991,-0.6147319895411996,-6.759428805660539,-4.885451718506667,0.47933041240260454,-0.6784643266209742,0.8497693909355921
"[-0.018, -0.004999999999999987, 0.035]",,632,428999991,-0.5824707264881039,-6.770661682116531,-4.728801257815517,0.47223170751732346,-0.6778911306237311,0.8507787609729035
"[-0.018, -0.004999999999999987, 0.035]",,632,432999991,-0.5046437690564478,-6.656330294193315,-4.67501641472249,-0.9646993489369515,-0.6780409827841561,0.8438506206700239
"[-0.018, -0.004999999999999987, 0.035]",,632,436999991,-0.5064559421117384,-6.617776010866599,-4.5343837693060465,0.4515742705994302,-0.6796502673325736,0.8557328174304776
"[-0.018, -0.004999999999999987, 0.035]",,632,440999991,-0.4895505598975652,-6.536729638170396,-4.305999197122894,0.4365572590920681,-0.6820554858243648,0.8580024207266641
"[-0.018, -0.004999999999999987, 0.035]",,632,444999991,-0.47288870928416943,-6.48798254524735,-4.082834433232733,-0.9833356643493905,-0.6844765694670384,0.8543552651991321
"[-0.018, -0.004999999999999987, 0.035]",,632,448999991,-0.45592906485895407,-6.406192111655937,-3.822577152975292,-0.9984674079917119,-0.6875829020796006,0.8518334039954928
"[-0.018, -0.004999999999999987, 0.035]",,632,452999991,-0.4399472254275918,-6.345219744215428,-3.6023166676683402,-1.0118627316206157,-0.688795778555239,0.8539274805546392
"[-0.018, -0.004999999999999987, 0.035]",,632,456999991,-0.424201305156775,-6.29860856152136,-3.66402242232288,-1.016930464004096,-0.6942635884542947,0.8564139334329718
"[-0.018, -0.004999999999999987, 0.035]",,632,460999991,-0.4249673484980131,-6.291259420423678,-3.5754615495633395,-1.0241184149320224,-0.6949474304770118,0.8616428916529616
"[-0.018, -0.004999999999999987, 0.035]",,632,464999991,-0.4301830457271098,-6.280493459922287,-3.4111413798485213,-1.0334528953957272,-0.6982462688018063,0.8623523305670151
"[-0.018, -0.004999999999999987, 0.035]",,632,468999991,-0.46312634349424486,-6.192178036583987,-3.203319274428395,0.3782803714905536,-0.7064174098110523,0.8637821437430293
"[-0.018, -0.004999999999999987, 0.035]",,632,472999991,-0.47554487179066657,-6.231820809303676,-3.0980260056258313,-1.05458778817029,-0.7098207200513822,0.8626052403238308
"[-0.018, -0.004999999999999987, 0.035]",,632,476999991,-0.5077758940896564,-6.116053386007778,-2.8785564739388896,0.35482829584508313,-0.7179195133319161,0.8644077546172886
"[-0.018, -0.004999999999999987, 0.035]",,632,480999991,-0.5151434211291117,-6.143923576452235,-2.7644341795246046,-1.0790022805833046,-0.7207696507026787,0.8635869615550095
"[-0.018, -0.004999999999999987, 0.035]",,632,484999991,-0.5319821468991643,-6.095143654133248,-2.59372096932345,-1.0916828207955098,-0.7258679818015487,0.8643000785056508
"[-0.018, -0.004999999999999987, 0.035]",,632,488999991,-0.5522437264340472,-6.047759352155758,-2.4280193330417834,-1.1043374391472658,-0.7312127153245075,0.8649317409992354
"[-0.018, -0.004999999999999987, 0.035]",,632,492999991,-0.5812020351626814,-5.9736889979439365,-2.2268774582762756,-1.1191932979843937,-0.7388941289046344,0.8606556090177364
"[-0.018, -0.004999999999999987, 0.035]",,632,496999991,-0.594162079998078,-5.940077016406731,-2.0943741303961847,-1.1307378388702822,-0.7420214531682432,0.8663249710740776
"[-0.018, -0.004999999999999987, 0.035]",,632,500999991,-0.676518246294102,-5.908051712861453,-1.5519475864689296,-1.1520868561471556,-0.7432106896631557,0.864406244150194
"[-0.018, -0.004999999999999987, 0.035]",,632,504999991,-0.6488371698025852,-5.8778551592618395,-1.6451107094918989,-1.159053221819534,-0.7538084454816416,0.8673295009805525
"[-0.018, -0.004999999999999987, 0.035]",,632,508999991,-0.6874216645167806,-5.843675454359943,-1.1826391225411452,-1.1764616771301868,-0.7486727787149574,0.8660256526884573
"[-0.018, -0.004999999999999987, 0.035]",,632,512999991,-0.7089690081806754,-5.776560489886057,-0.9843871559436641,-1.1904885709995523,-0.7544302948415856,0.8618429802384441
"[-0.018, -0.004999999999999987, 0.035]",,632,516999991,-0.7271114795921796,-5.714693591210519,-0.7926916066983143,-1.2048162313913433,-0.758771615779839,0.8626325061071903
"[-0.018, -0.004999999999999987, 0.035]",,632,520999991,-0.6946646783288215,-5.68911856123411,-0.9229977827881441,-1.2118811410323271,-0.7692032863621785,0.870797386940306
"[-0.018, -0.004999999999999987, 0.035]",,632,524999991,-0.7037166732832929,-5.631575335576727,-0.7286155060450437,-1.2252366565946067,-0.7735845459438108,0.8670476115163608
"[-0.018, -0.004999999999999987, 0.035]",,632,528999991,-0.785369036747918,-5.583204469034458,-0.04574032386485527,-1.2509025636296611,-0.7714217556377142,0.865013441043079
"[-0.018, -0.004999999999999987, 0.035]",,632,532999991,-0.7940018434425493,-5.565965062399917,0.07507442056663649,-1.2605955990891333,-0.7720283699379562,0.8708733163391317
"[-0.018, -0.004999999999999987, 0.035]",,632,536999991,-0.8405900107483177,-5.544362578207899,0.254762318899874,-1.272534492922745,-0.7787560352172402,0.8703735070935822
"[-0.018, -0.004999999999999987, 0.035]",,632,540999991,-0.8955315334006932,-5.4876895984023975,0.4763835036315145,-1.2871694770561413,-0.787786507977492,0.8648576242619349
"[-0.018, -0.004999999999999987, 0.035]",,632,544999991,-0.9455136547975251,-5.461593865440628,0.6337647444743748,-1.2993129683361613,-0.7936365959068926,0.8690934387830697
"[-0.018, -0.004999999999999987, 0.035]",,632,548999991,-0.999539769110966,-5.428163287880267,0.8268003319886779,-1.312330846972013,-0.800771972327872,0.8684753902213509
"[-0.018, -0.004999999999999987, 0.035]",,632,552999991,-1.0597032546019656,-5.362066757577813,1.0608334904567167,-1.3278923152620083,-0.809911577535779,0.8629774022495993
"[-0.018, -0.004999999999999987, 0.035]",,632,556999991,-1.1151015426963347,-5.331133256876859,1.2255677355066847,-1.3405826257178082,-0.8160836380452346,0.8671756854718641
"[-0.018, -0.004999999999999987, 0.035]",,632,560999991,-1.1773119915930976,-5.267093682767068,1.4659751655033633,-1.3562465770964574,-0.8251685262098252,0.8617083150487166
"[-0.018, -0.004999999999999987, 0.035]",,632,564999991,-1.2351347126618215,-5.241369593817047,1.630006496090071,-1.368609032403569,-0.8313283100611131,0.8658366444418476
"[-0.018, -0.004999999999999987, 0.035]",,632,568999991,-1.2993921165047926,-5.18259621763809,1.8697182787423445,-1.3839305316214685,-0.8404044614339874,0.8602486999502115
"[-0.018, -0.004999999999999987, 0.035]",,632,572999991,-1.3757389562524294,-5.0898712540388065,2.100704849383317,0.02509247894821684,-0.8489459368555498,0.8653691558487963
"[-0.018, -0.004999999999999987, 0.035]",,632,576999991,-1.4254910458290921,-5.103178607571364,2.274844165432219,-1.4113474046219863,-0.8557128530079948,0.8585607008713301
"[-0.018, -0.004999999999999987, 0.035]",,632,580999991,-1.5045725126002998,-4.987524399793292,2.5398789597633513,-0.005057692071722991,-0.864849855202102,0.8631102967701296
"[-0.018, -0.004999999999999987, 0.035]",,632,584999991,-1.5575797907177353,-5.001106341718734,2.6950096206172764,-1.4405946046400064,-0.8715896886693097,0.8568837002807281
"[-0.018, -0.004999999999999987, 0.035]",,632,588999991,-1.624866411981842,-4.955471059286241,2.9054954142417584,-1.454930172133674,-0.8794889789674378,0.8560301196139823
"[-0.018, -0.004999999999999987, 0.035]",,632,592999991,-1.6931212659070651,-4.913607319046914,3.115016599037264,-1.4689983389929597,-0.8873331489135895,0.8551087797156788
"[-0.018, -0.004999999999999987, 0.035]",,632,596999991,-1.7624751950755957,-4.87408477343925,3.3244343121002764,-1.482893441741557,-0.8951047797803073,0.8541075710271414
"[-0.018, -0.004999999999999987, 0.035]",,632,600999991,-1.8290051122402984,-4.865365208637,3.4927195508951128,-1.4943850044339755,-0.9012403684954926,0.857858989982126
"[-0.018, -0.004999999999999987, 0.035]",,632,604999991,-1.902839148537044,-4.817387235998992,3.736695021227881,-1.5091600427387233,-0.9104915705568634,0.8517894959440875
"[-0.018, -0.004999999999999987, 0.035]",,632,608999991,-1.9765992504830925,-4.7691847715061435,3.95165740986943,-1.5237364426589473,-0.9187017461206773,0.8505749698961521
"[-0.018, -0.004999999999999987, 0.035]",,632,612999991,-2.0516861838135263,-4.7190983734952585,4.173135497859081,-1.5386269814045221,-0.9268477063505005,0.8494448513617435
"[-0.018, -0.004999999999999987, 0.035]",,632,617999991,-2.1443508367219906,-4.631084151979374,4.423396784238839,-0.12995172566801952,-0.9359713185815948,0.8540965113627172
"[-0.018, -0.004999999999999987, 0.035]",,632,620999991,-2.2044435117751973,-4.646941929482364,4.6079889841051695,-1.5665558261639887,-0.943022649859269,0.846996040803214
"[-0.018, -0.004999999999999987, 0.035]",,632,624999991,-2.2848987860393057,-4.596783769555464,4.832092468543026,-1.5815614361307684,-0.951623691578084,0.8456458348122162
"[-0.018, -0.004999999999999987, 0.035]",,632,628999991,-2.362785193364437,-4.5778966734835205,5.019821804301969,-1.594284682142892,-0.9583839928249885,0.8491900973162804
"[-0.018, -0.004999999999999987, 0.035]",,632,632999991,-2.4463929133365845,-4.553248809996205,5.240618349440045,-1.6077469785442338,-0.9669323850999523,0.8476663882617336
"[-0.018, -0.004999999999999987, 0.035]",,632,636999991,-2.5351178072705824,-4.493539725371236,5.505238500134118,-1.6239626395504996,-0.9776561597036759,0.841107522324264
"[-0.018, -0.004999999999999987, 0.035]",,632,640999991,-2.619575601744236,-4.466275621645566,5.702396803076126,-1.637515077177102,-0.9851548118063908,0.8443927074193834
"[-0.018, -0.004999999999999987, 0.035]",,632,644999991,-2.710820192052546,-4.4327195855903465,5.9393552599331985,-1.6519940880318191,-0.9943493366126881,0.8426727757178745
"[-0.018, -0.004999999999999987, 0.035]",,632,648999991,-2.8074245371509696,-4.396972527719266,6.180318719466583,-1.6666896313300217,-1.0040505654825593,0.8407082799906789
"[-0.018, -0.004999999999999987, 0.035]",,632,652999991,-2.909163015877009,-4.358181810789476,6.42930334561175,-1.681792631675672,-1.014448619981244,0.8385669978085947
"[-0.018, -0.004999999999999987, 0.035]",,632,656999991,-3.0153100251709337,-4.316884894887212,6.686297886962807,-1.69741244559432,-1.0257063704950262,0.8362821223076188
"[-0.018, -0.004999999999999987, 0.035]",,632,660999991,-3.120400277335514,-4.274055182611187,6.946905667264864,-1.7132359550949996,-1.0360387410536798,0.8341264570942946
"[-0.018, -0.004999999999999987, 0.035]",,632,664999991,-3.2052417070105284,-4.230284004442728,7.2096849471226,-1.728025739221674,-1.0425771097546903,0.8327618805207128
"[-0.018, -0.004999999999999987, 0.035]",,632,668999991,-3.2422846887463534,-4.186448683187046,7.396296069077443,-1.7399050957747453,-1.0477570781071244,0.8330197146343264
"[-0.018, -0.004999999999999987, 0.035]",,632,672999991,-3.2831482643232124,-4.023300701935776,7.602852488860685,-1.7551324372403307,-1.0536322553941266,0.8283217324184392
"[-0.018, -0.004999999999999987, 0.035]",,632,676999991,-3.9192465709830695,-4.102673828439007,9.178168325727466,-1.8040485597070046,-1.088473727414341,0.8105174976575877
"[-0.018, -0.004999999999999987, 0.035]",,632,680999991,-3.716414485826711,-4.030500261754437,8.85396035772126,-1.8135852743610739,-1.1120933987436348,0.8146326332624356
"[-0.018, -0.004999999999999987, 0.035]",,632,684999991,-4.04789023797376,-3.9579977680803333,10.36667117017498,-1.8572756242009416,-1.0942804285478356,0.8080369363068102
"[-0.018, -0.004999999999999987, 0.035]",,632,688999991,-4.508073610143544,-3.8240083018969293,11.452552461458358,-1.9086555542795587,-1.1533133413288086,0.7924780109746183
"[-0.018, -0.004999999999999987, 0.035]",,632,692999991,-4.5521055330215425,-3.906763038528373,11.484513124140378,-1.9098781738546693,-1.1606776006782344,0.7925554670197885
"[-0.018, -0.004999999999999987, 0.035]",,632,697999991,-4.632960611746047,-3.793071524054657,11.92521668438944,-0.5059730498404827,-1.1674850016861487,0.797043742646391
"[-0.018, -0.004999999999999987, 0.035]",,632,700999991,-4.678339553933945,-3.804297106857064,12.118679201615999,-1.9407274792736904,-1.1725699625169597,0.7913716894463083
"[-0.018, -0.004999999999999987, 0.035]",,632,704999991,-4.737522611010363,-3.756259382023559,12.401678657977396,-1.954717681097983,-1.1784762669122761,0.791035987588207
"[-0.018, -0.004999999999999987, 0.035]",,632,708999991,-4.796320424992389,-3.7123798904084424,12.689906077448153,-1.9685960873591823,-1.1842177978658415,0.7906734978510779
"[-0.018, -0.004999999999999987, 0.035]",,632,712999991,-4.853588513816935,-3.6717461474666964,12.971295929954678,-1.9819739731148551,-1.1897812193207025,0.7903097394949351
"[-0.018, -0.004999999999999987, 0.035]",,632,716999991,-4.895165228964727,-3.66316964364544,13.2152833909986,-1.99284177553043,-1.1924234511349976,0.795132946267599
"[-0.018, -0.004999999999999987, 0.035]",,632,720999991,-4.947687385146504,-3.646168730771653,13.485725259391128,-2.0042046760263155,-1.1974939419276285,0.7947233824972401
"[-0.018, -0.004999999999999987, 0.035]",,632,724999991,-5.018723197700818,-3.589229490975174,13.802908049636638,-2.0189930605476536,-1.2061306970271324,0.788902879847696
"[-0.018, -0.004999999999999987, 0.035]",,632,728999991,-5.065923414882134,-3.5612560229194523,14.0635688057779,-2.031600274568125,-1.2102931080892132,0.793534872282583
"[-0.018, -0.004999999999999987, 0.035]",,632,732999991,-5.135324632706087,-3.4952063919694365,14.391352879849242,-2.047101771743258,-1.218713294165231,0.7879859819553977
"[-0.018, -0.004999999999999987, 0.035]",,632,736999991,-5.745658125259938,-3.407478850317952,16.734869002420233,-0.6963579793109342,-1.249080716110702,0.7784564153675562
"[-0.018, -0.004999999999999987, 0.035]",,632,740999991,-5.796385191782718,-3.4081773857684032,17.564777019920484,-2.1514907016345486,-1.2466129087440967,0.7706277500844688
"[-0.018, -0.004999999999999987, 0.035]",,632,744999991,-6.002170925692096,-3.3947823783290367,17.625438280041113,-2.1782168479114454,-1.3128251877457844,0.764263022009793
"[-0.018, -0.004999999999999987, 0.035]",,632,748999991,-6.691971831467754,-3.3686755496036374,20.367259839694412,-2.26268300239234,-1.3457321723676468,0.7456940015796516
"[-0.018, -0.004999999999999987, 0.035]",,632,752999991,-6.749575188258062,-3.312514548435921,20.767975078666616,-2.277725453973944,-1.3494343457615507,0.7450751097878151
"[-0.018, -0.004999999999999987, 0.035]",,632,756999991,-6.815794783106682,-3.273012094268722,20.914316563258375,-2.28410073693289,-1.358501477606155,0.7448184505514643
"[-0.018, -0.004999999999999987, 0.035]",,632,760999991,-6.891464954863262,-3.2382800979663733,21.49737947773575,-2.3044883925378326,-1.3626079895308747,0.7439287154730633
"[-0.018, -0.004999999999999987, 0.035]",,632,764999991,-6.974704083439404,-3.1661618388477786,21.915578951762186,-2.320907811713994,-1.3718606515824998,0.7379188402228041
"[-0.018, -0.004999999999999987, 0.035]",,632,768999991,-7.068362993205354,-3.038777586160148,22.47621997455694,-0.9183181005718871,-1.3801105184542473,0.7421725768627244
"[-0.018, -0.004999999999999987, 0.035]",,632,772999991,-7.1078382706279335,-3.0794709256355195,22.755261308767533,-2.3530429662169516,-1.382485477295404,0.7418117303096402
"[-0.018, -0.004999999999999987, 0.035]",,632,776999991,-7.190813940264909,-3.0238738292842164,23.18631021261464,-2.369205304721106,-1.391277864148221,0.7359428705686057
"[-0.018, -0.004999999999999987, 0.035]",,632,780999991,-7.268573239656044,-2.9349700832064616,23.666152865843124,-0.9620121189778286,-1.397528153052831,0.7412539066302464
"[-0.018, -0.004999999999999987, 0.035]",,632,784999991,-7.331060022329329,-2.9503166173531232,23.973911792611652,-2.39937680577138,-1.403871660365009,0.7344102389464823
"[-0.018, -0.004999999999999987, 0.035]",,632,788999991,-7.407916025454459,-2.898543141151243,24.384104416063632,-2.4163250167111188,-1.410813354973564,0.7334192351519075
"[-0.018, -0.004999999999999987, 0.035]",,632,792999991,-7.47554824755147,-2.84805096675614,24.760969690934736,-2.4320804724102976,-1.4168079146721735,0.7328755021090549
"[-0.018, -0.004999999999999987, 0.035]",,632,796999991,-7.529244157093666,-2.832049084782665,25.104037344009807,-2.4458855215420114,-1.4197642213934072,0.7376652340135622
"[-0.018, -0.004999999999999987, 0.035]",,632,800999991,-8.660530454738913,-2.8359607414320696,27.93252765602065,-2.555258274882524,-1.5523083250974654,0.7019389454824556
"[-0.018, -0.004999999999999987, 0.035]",,632,804999991,-8.715206014729336,-2.7812932889526847,30.944264229816046,-2.641250188203017,-1.4952148999671773,0.7044555173183423
"[-0.018, -0.004999999999999987, 0.035]",,632,808999991,-8.705296394170277,-2.729197723512338,31.717961433719342,-2.6698844833281896,-1.4847115423038544,0.7116756051755218
"[-0.018, -0.004999999999999987, 0.035]",,632,812999991,-8.051164749410752,-2.6683161697171576,33.623508693675724,-2.721812024750944,-1.405166024209787,0.7081280968739648
"[-0.018, -0.004999999999999987, 0.035]",,632,816999991,-9.575644494892588,-2.6417057366808603,35.10566794246667,-2.798409856269272,-1.5948497690141132,0.6717568827380198
"[-0.018, -0.004999999999999987, 0.035]",,632,820999991,-9.695360757351141,-2.5964585100042266,35.98251636810727,-2.8329409747708576,-1.6077857363263375,0.6740423779637948
"[-0.018, -0.004999999999999987, 0.035]",,632,824999991,-9.825796455327799,-2.5463057738123487,35.70654836138198,-2.833610126967945,-1.6288630640164534,0.6719299297532354
"[-0.018, -0.004999999999999987, 0.035]",,632,828999991,-9.915544938891802,-2.4936160659458064,36.02822336227814,-2.8496335557457706,-1.6345130635694178,0.6659096402389081
"[-0.018, -0.004999999999999987, 0.035]",,632,832999991,-9.967224522438686,-2.4775752713678267,36.65131146694189,-2.8736031840442395,-1.6332741250938492,0.6709417828012121
"[-0.018, -0.004999999999999987, 0.035]",,632,836999991,-10.08549060078881,-2.4147029165110094,36.97627403139513,-2.8907624296909593,-1.6478559405356838,0.6640798203133356
"[-0.018, -0.004999999999999987, 0.035]",,632,840999991,-10.179201486036884,-2.3614294111155907,37.29534195348795,-2.90782751807982,-1.656685677230362,0.6627754669768553
"[-0.018, -0.004999999999999987, 0.035]",,632,844999991,-10.24312488695589,-2.3437383914083334,37.66680267118275,-2.9249476747496943,-1.6598341567105073,0.667441241354468
"[-0.018, -0.004999999999999987, 0.035]",,632,848999991,-10.326896467327385,-2.319221765152485,37.99436967475344,-2.9404829276392133,-1.667527215655808,0.6665258721344541
"[-0.018, -0.004999999999999987, 0.035]",,632,852999991,-11.577718883978468,-2.3367358423249662,41.31529448303773,-1.643612325381946,-1.8091763581877123,0.6556741022074375
"[-0.018, -0.004999999999999987, 0.035]",,632,856999991,-10.789336033404515,-2.1158221571135485,40.79073160526059,-1.6201539299206011,-1.7343965389145493,0.6541023617517158
"[-0.018, -0.004999999999999987, 0.035]",,632,860999991,-12.497827610332132,-2.388297791073633,40.46929233547172,-3.062466209586928,-1.9113558827347918,0.628136626281086
"[-0.018, -0.004999999999999987, 0.035]",,632,864999991,-11.106519015352738,-2.1446445655030972,43.97848485305636,-3.1503874090375295,-1.7513690005809068,0.6448131099145304
"[-0.018, -0.004999999999999987, 0.035]",,632,868999991,-7.682902828504977,-1.9845819810181515,43.574524417358816,-3.053695795883996,-1.0979626230971307,0.7022308002615312
"[-0.018, -0.004999999999999987, 0.035]",,632,872999991,-9.80297714566192,-2.0958375921464594,43.5070648874984,-3.12188863941963,-1.6058161538668667,0.6969436865280383
"[-0.018, -0.004999999999999987, 0.035]",,632,876999991,-10.046836783934063,-2.2972426711555514,43.517876446245864,-3.113664743385213,-1.6276997153996684,0.6876590067645671
"[-0.018, -0.004999999999999987, 0.035]",,632,880999991,-10.253359568160574,-2.3727282904780793,44.10013138382021,-3.1220062565698963,-1.6374127904057774,0.6753817828029942
"[-0.018, -0.004999999999999987, 0.035]",,632,884999991,-10.325072656463036,-1.9605551949330557,52.89269547715763,-3.4270900256229204,-1.6344764689606466,0.6734597568660075
"[-0.018, -0.004999999999999987, 0.035]",,632,888999991,-8.107347357964775,-1.6257247538947812,39.1809171569479,-2.980265775063902,-1.387199138417967,0.7650462729625316
"[-0.018, -0.004999999999999987, 0.035]",,632,892999991,-8.2469688643907,-1.6547692876999776,43.52513022642928,-3.1122164413564635,-1.3679862158201925,0.7563068677652942
"[-0.018, -0.004999999999999987, 0.035]",,632,896999991,-8.04011705408648,-1.6436600927540779,43.61739982925228,-1.6877461946561851,-1.344651176109372,0.7728561539102469
"[-0.018, -0.004999999999999987, 0.035]",,632,900999991,-8.128922387747014,-1.768773827547336,44.080489302020766,-3.1271077947691936,-1.3501483536118382,0.770425455918316
"[-0.018, -0.004999999999999987, 0.035]",,632,904999991,-8.086700274826434,-1.7786981918290623,44.43744706465009,-3.137569162922696,-1.3457783109323445,0.7674611582256231
"[-0.018, -0.004999999999999987, 0.035]",,632,908999991,-8.10611074334777,-1.7560050432750147,45.12779245781692,-3.162127080869849,-1.3416302155472213,0.7673431027036366
"[-0.018, -0.004999999999999987, 0.035]",,632,912999991,-8.131137008622435,-1.7019451245809796,45.74107125638953,-3.186415417850758,-1.339997857186548,0.7683281443946512
"[-0.018, -0.004999999999999987, 0.035]",,632,916999991,-8.22506963162159,-1.6668642232016975,46.273393784754816,-3.209947569343461,-1.350218172587561,0.7719819101305779
"[-0.018, -0.004999999999999987, 0.035]",,632,920999991,-8.368927495462687,-1.591383912852037,46.898809540785464,-3.236915502117095,-1.3654581185024086,0.7643513451870638
"[-0.018, -0.004999999999999987, 0.035]",,632,924999991,-8.479929022744413,-1.52487958238636,47.48797298332613,-3.2627103847157013,-1.375278449259612,0.7629508899920798
"[-0.018, -0.004999999999999987, 0.035]",,632,928999991,-8.594175488007679,-1.4682854591573262,48.06527029068204,-3.2877085157332067,-1.385254637496652,0.7616385608150322
"[-0.018, -0.004999999999999987, 0.035]",,632,932999991,-8.675261837474348,-1.33142443397948,48.52050260272566,-3.3103731384867165,-1.392652900949459,0.7604405267343042
"[-0.018, -0.004999999999999987, 0.035]",,632,936999991,-8.791825704751968,-1.4619279020766474,49.03105258984378,-3.3270029539651844,-1.4006825100558782,0.7646020774692801
"[-0.018, -0.004999999999999987, 0.035]",,632,940999991,-8.900603887085177,-1.4311721724443744,49.58657113468594,-3.3497615653620554,-1.4100005275133383,0.762659029205281
"[-0.018, -0.004999999999999987, 0.035]",,632,944999991,-9.035460030547512,-1.356858169423174,50.22511527539356,-3.3766579797332543,-1.4226554535097788,0.7552195795945861
"[-0.018, -0.004999999999999987, 0.035]",,632,948999991,-9.13454678821327,-1.317785713218294,50.75028236661285,-3.399956713101568,-1.4302313148145238,0.7590634643801915
"[-0.018, -0.004999999999999987, 0.035]",,632,952999991,-9.270995549045157,-1.2455942304836158,51.40877604508583,-3.4273897767794548,-1.442691155962077,0.7521143882431395
"[-0.018, -0.004999999999999987, 0.035]",,632,956999991,-9.388009343031408,-1.1850389200584175,52.01015779375449,-3.4532694944319577,-1.4527880614636768,0.7506955229681922
"[-0.018, -0.004999999999999987, 0.035]",,632,960999991,-9.509003974469643,-1.1341487289609269,52.60277983523579,-3.478475079308306,-1.4631131748544126,0.7492414013373923
"[-0.018, -0.004999999999999987, 0.035]",,632,964999991,-9.629204434947404,-1.0915931588534544,53.18894159271193,-3.5030186497736167,-1.4733486422752708,0.7477501853247923
"[-0.018, -0.004999999999999987, 0.035]",,632,968999991,-9.744380798643814,-1.0541737840133187,53.77290866016469,-3.5271111875627486,-1.482779081201636,0.7463128923919513
"[-0.018, -0.004999999999999987, 0.035]",,632,972999991,-9.841342534629696,-1.050262772018276,54.280887104655875,-3.547994183544773,-1.4899217793385797,0.7502998127328977
"[-0.018, -0.004999999999999987, 0.035]",,632,976999991,-9.976816331466978,-1.0033684173810187,54.925067079060256,-3.5735605834576525,-1.5021091324206777,0.7430555832992218
"[-0.018, -0.004999999999999987, 0.035]",,632,980999991,-10.09842572247597,-0.9543829230329344,55.535033940606354,-3.599086767486679,-1.5126888703715344,0.7411246035875698
"[-0.018, -0.004999999999999987, 0.035]",,632,984999991,-10.208569875535288,-0.9358138191609253,56.066572681680384,-3.621644667347056,-1.5211356195769312,0.7447365518986753
"[-0.018, -0.004999999999999987, 0.035]",,632,988999991,-10.338138065387017,-0.909455443132865,56.65577807034636,-3.6455232329343694,-1.532285642583954,0.7428045080709895
"[-0.018, -0.004999999999999987, 0.035]",,632,992999991,-10.468516274954835,-0.8770776235799955,57.2539276602369,-3.6699641951447632,-1.5437136737641612,0.7407154026922993
"[-0.018, -0.004999999999999987, 0.035]",,632,996999991,-10.292288564855,-0.7765891057207197,58.43751347876693,-3.681891637042508,-1.5730059115492896,0.7300602593473117
"[-0.018, -0.004999999999999987, 0.035]",,633,999991,-9.457930110977273,-1.448800005798728,63.7245676807336,-3.60741179068434,-1.3600298038545249,0.7036993236361169
"[-0.018, -0.004999999999999987, 0.035]",,633,4999991,-9.767741629277095,-1.6847149276106892,65.45893682695176,-3.5833884716134743,-1.3976999320591674,0.7135566297805367
"[-0.018, -0.004999999999999987, 0.035]",,633,8999991,-9.726314784450777,-1.8310972255376479,66.22185267864647,-3.5535902076038908,-1.3930736837168602,0.7106518662252175
"[-0.018, -0.004999999999999987, 0.035]",,633,12999991,-9.785077681572483,-2.0047745150451632,66.94528340160203,-3.5174537638151073,-1.3877468140526545,0.7113167082902883
"[-0.018, -0.004999999999999987, 0.035]",,633,16999991,-9.870049001418003,-2.182353854045849,67.74143759291715,-3.494015817831775,-1.3896520445567626,0.7112674074577277
"[-0.018, -0.004999999999999987, 0.035]",,633,21999991,-9.983069495794146,-2.338625319076061,68.70522917012586,-2.038624235093925,-1.397488648815338,0.7138949356478991
"[-0.018, -0.004999999999999987, 0.035]",,633,24999991,-9.993744896932089,-2.388801225821312,68.74081012621474,-3.4660410463762386,-1.3985522189361075,0.7054589371333451
"[-0.018, -0.004999999999999987, 0.035]",,633,28999991,-10.099866455516834,-2.679624065889408,70.05645579518388,-3.4257182588487276,-1.3957865380489922,0.7122802576739065
"[-0.018, -0.004999999999999987, 0.035]",,633,32999991,-10.21343558060429,-2.836587238842549,70.99016538676385,-3.4029593779648852,-1.4055850726443357,0.7094426820082053
"[-0.018, -0.004999999999999987, 0.035]",,633,36999991,-10.286995631052035,-2.9921033398859023,71.753817651372,-3.3824781670347903,-1.4080112343957358,0.7094173373304766
"[-0.018, -0.004999999999999987, 0.035]",,633,40999991,-10.3293228710603,-3.1489620365805777,72.34676404762548,-3.366944611163648,-1.4039336835032903,0.7124662450296522
"[-0.018, -0.004999999999999987, 0.035]",,633,44999991,-10.409223266935445,-3.30392966743598,73.09617823857258,-3.347983978248428,-1.4067298671741373,0.7130070705228181
"[-0.018, -0.004999999999999987, 0.035]",,633,48999991,-10.488398475909932,-3.4566061697903963,73.85154857852304,-3.3297439271686162,-1.4098553726811638,0.7133499620087328
"[-0.018, -0.004999999999999987, 0.035]",,633,52999991,-10.593465163230082,-3.5884320139373473,74.76848349583236,-1.880145452430259,-1.41824966154338,0.71631654106452
"[-0.018, -0.004999999999999987, 0.035]",,633,56999991,-10.64310465089731,-3.756264425725615,75.34669100582651,-3.2938858767453496,-1.41560939520785,0.7140872028366382
"[-0.018, -0.004999999999999987, 0.035]",,633,60999991,-10.720265169057303,-3.904014873588065,76.09000230468266,-3.2764950752215953,-1.4184689836632658,0.714472855606318
"[-0.018, -0.004999999999999987, 0.035]",,633,64999991,-10.835233202805682,-4.037201346045444,77.00583439328898,-1.8310927910481267,-1.4276161799372182,0.7160243363938561
"[-0.018, -0.004999999999999987, 0.035]",,633,68999991,-10.874791298046645,-4.195882570579121,77.58043800365863,-3.2423737276815823,-1.4243580415229902,0.7148713269793351
"[-0.018, -0.004999999999999987, 0.035]",,633,72999991,-10.95285602278431,-4.341677076408276,78.31300961121202,-3.2254315616393705,-1.4270869335870904,0.7154000154919639
"[-0.018, -0.004999999999999987, 0.035]",,633,76999991,-10.9911406658296,-4.357899189691606,78.50548242787877,-3.223930576551616,-1.4339739841056125,0.7093877479008497
"[-0.018, -0.004999999999999987, 0.035]",,633,80999991,-11.146200498780376,-4.616698869624293,79.95873581404861,-1.764623375461351,-1.4393474526894394,0.7174236780433856
"[-0.018, -0.004999999999999987, 0.035]",,633,84999991,-11.188279671058227,-4.773212542995445,80.53902195876344,-3.177095025027512,-1.436529361265473,0.7160735563485415
"[-0.018, -0.004999999999999987, 0.035]",,633,88999991,-11.292269054260196,-4.913097411662481,81.42311596439353,-3.156007523576186,-1.4452703259430024,0.713507592401618
"[-0.018, -0.004999999999999987, 0.035]",,633,92999991,-11.369967064940289,-5.054567522519655,82.1657648762806,-3.1403229382054043,-1.4483562833351922,0.713482404094282
"[-0.018, -0.004999999999999987, 0.035]",,633,96999991,-11.44714350528348,-5.195885748997502,82.89947473654703,-3.124430346044347,-1.4511801999921952,0.7136440419171289
"[-0.018, -0.004999999999999987, 0.035]",,633,100999991,-11.532366537358872,-5.324780009039029,83.64365835910901,-1.6848664998556113,-1.4538546623683808,0.7180396021279785
"[-0.018, -0.004999999999999987, 0.035]",,633,104999991,-11.60305513254907,-5.477918751010697,84.36748610544572,-3.0933162178489684,-1.4570961005236645,0.7139799146105678
"[-0.018, -0.004999999999999987, 0.035]",,633,108999991,-11.681095948479225,-5.61843770379194,85.1009393257346,-3.0779203365698606,-1.4600809180989798,0.7141240725225085
"[-0.018, -0.004999999999999987, 0.035]",,633,112999991,-11.731232846533468,-5.743403038242092,85.68157572261566,-1.6406080402088772,-1.4561711282533225,0.7228979176228817
"[-0.018, -0.004999999999999987, 0.035]",,633,116999991,-11.811052427007832,-5.902692522063881,86.3960477245079,-3.0507639192264127,-1.4595600427758866,0.7181547583968767
"[-0.018, -0.004999999999999987, 0.035]",,633,120999991,-11.91780076414214,-6.040215340710864,87.29542738743385,-3.032548010046644,-1.4693985487383245,0.714826087566453
"[-0.018, -0.004999999999999987, 0.035]",,633,124999991,-11.994521906214755,-6.178607009458983,88.03321097519884,-3.0173000244846895,-1.4723427973486407,0.7145597307704086
"[-0.018, -0.004999999999999987, 0.035]",,633,128999991,-12.069338478627058,-6.2990779744734935,88.76521096584149,-1.5752553147167456,-1.474160037571182,0.7201384790397988
"[-0.018, -0.004999999999999987, 0.035]",,633,132999991,-12.157693913283646,-6.4447209506966585,89.50065983170485,-1.5633004352185706,-1.4776414369376407,0.7189809625454546
"[-0.018, -0.004999999999999987, 0.035]",,633,136999991,-12.20367128623056,-6.599207776709525,90.06995840032323,-2.9769826915875894,-1.475510381822037,0.7175715743976918
"[-0.018, -0.004999999999999987, 0.035]",,633,140999991,-12.28163225638289,-6.738597404208429,90.79296687710121,-2.9618505731806404,-1.4782550752970451,0.7178145196227983
"[-0.018, -0.004999999999999987, 0.035]",,633,144999991,-12.384901773518285,-6.874449861820746,91.67964942384697,-2.9423396212936104,-1.4868688002821124,0.7148490338418332
"[-0.018, -0.004999999999999987, 0.035]",,633,148999991,-12.438195805023728,-7.015367855450496,92.26104585505905,-2.9324371296121647,-1.4844452871948444,0.7174693417237246
"[-0.018, -0.004999999999999987, 0.035]",,633,152999991,-12.54017752130468,-7.1511081639568195,93.13781813904974,-2.912572104303675,-1.4926159878703853,0.7146641368138303
"[-0.018, -0.004999999999999987, 0.035]",,633,156999991,-12.618482375193162,-7.288870315874598,93.8748527381751,-2.898055915720055,-1.4957710912007263,0.7142876578428007
"[-0.018, -0.004999999999999987, 0.035]",,633,160999991,-12.695839595610877,-7.4267289705575195,94.6029492447774,-2.883205244154596,-1.4985596092524813,0.7141143584697822
"[-0.018, -0.004999999999999987, 0.035]",,633,164999991,-12.749567608853377,-7.567919877099625,95.17635861256525,-2.873363793784557,-1.4959207998318096,0.7169662241866497
"[-0.018, -0.004999999999999987, 0.035]",,633,168999991,-12.828098791601134,-7.706693800460187,95.89901708500734,-2.8586929178108758,-1.4987505602625653,0.7170965371175715
"[-0.018, -0.004999999999999987, 0.035]",,633,172999991,-12.93086300740238,-7.841747811601458,96.78463881258662,-2.839379229470784,-1.5073258426276115,0.7139246912432289
"[-0.018, -0.004999999999999987, 0.035]",,633,176999991,-13.0084969012638,-7.978868795202967,97.52033127041457,-2.824861519556279,-1.5103550870365938,0.713404496271605
"[-0.018, -0.004999999999999987, 0.035]",,633,180999991,-13.018144318655935,-7.990761104140533,97.54892686102545,-2.828786886174399,-1.5107908574240057,0.7099902180762496
"[-0.018, -0.004999999999999987, 0.035]",,633,184999991,-13.162599135730582,-8.254892136682827,98.96100372366473,-2.7942390573329283,-1.5153406205312394,0.7136523753124111
"[-0.018, -0.004999999999999987, 0.035]",,633,188999991,-13.219559848779811,-8.395669164953796,99.55154668549746,-2.786319215153829,-1.5136890068433557,0.7157055594568486
"[-0.018, -0.004999999999999987, 0.035]",,633,192999991,-13.320114622260371,-8.530253605813712,100.42680221798949,-2.766481836127913,-1.5216932332606985,0.7125366872670186
"[-0.018, -0.004999999999999987, 0.035]",,633,196999991,-13.374537578459098,-8.670488247027816,101.00656172458866,-2.757060907896661,-1.519262803566392,0.7149839199118685
"[-0.018, -0.004999999999999987, 0.035]",,633,200999991,-13.45225153857118,-8.808546928897062,101.72677505748227,-2.742368336951302,-1.52191900157207,0.7148840238069993
"[-0.018, -0.004999999999999987, 0.035]",,633,204999991,-13.53106561424352,-8.946458101386334,102.45601767869591,-2.728017237085575,-1.5249344856052136,0.714522073009684
"[-0.018, -0.004999999999999987, 0.035]",,633,208999991,-13.640169225305957,-9.06763634757509,103.35478683662136,-1.2848995384676796,-1.5329860268362907,0.7150078220279817
"[-0.018, -0.004999999999999987, 0.035]",,633,212999991,-13.71100966443208,-9.217908133865365,104.07618082115637,-2.6940776472249564,-1.5362065686192392,0.7102196983860566
"[-0.018, -0.004999999999999987, 0.035]",,633,216999991,-13.788502761200057,-9.35523817758447,104.80320860535933,-2.6794086194171634,-1.5388894823864252,0.7096733046974603
"[-0.018, -0.004999999999999987, 0.035]",,633,220999991,-13.843351636009901,-9.496013323027213,105.3748245728514,-2.6699255716907246,-1.5365502470079793,0.7122168309044019
"[-0.018, -0.004999999999999987, 0.035]",,633,224999991,-13.921979324991971,-9.634349677586874,106.0965878671236,-2.655396034828636,-1.5393456854341943,0.711987301523079
"[-0.018, -0.004999999999999987, 0.035]",,633,228999991,-14.001117540960198,-9.772310580087428,106.82614174105659,-2.641076458467726,-1.5425404648106302,0.7114428702349046
"[-0.018, -0.004999999999999987, 0.035]",,633,232999991,-14.100835563525923,-9.88784739495902,107.71922863946769,-1.1954034771284123,-1.549455849171082,0.7132635481875187
"[-0.018, -0.004999999999999987, 0.035]",,633,236999991,-14.158706516863964,-10.047742891933229,108.28283470889042,-2.612119553495804,-1.5483522175480733,0.7102279905197157
"[-0.018, -0.004999999999999987, 0.035]",,633,240999991,-14.257958362158659,-10.163149664809563,109.1726243479414,-1.166566386695427,-1.555402884725103,0.7119738101479417
"[-0.018, -0.004999999999999987, 0.035]",,633,244999991,-14.337315142309869,-10.319627511295915,109.8928982024859,-2.5782621133257853,-1.558845748313975,0.7059126914381264
"[-0.018, -0.004999999999999987, 0.035]",,633,248999991,-14.41653965974324,-10.456446225375734,110.62546629226037,-2.563972058496969,-1.5619540028671002,0.7048545753703473
"[-0.018, -0.004999999999999987, 0.035]",,633,252999991,-14.49475718604682,-10.593449517891202,111.35023542907649,-2.5494025576752017,-1.5647076765137942,0.7040718076462957
"[-0.018, -0.004999999999999987, 0.035]",,633,256999991,-14.573432074946542,-10.73070420675107,112.0764381783635,-2.5349954479253975,-1.5675204427815674,0.7033152235594602
"[-0.018, -0.004999999999999987, 0.035]",,633,260999991,-14.63171438910915,-10.871297709147221,112.6477791929104,-2.5256012488632877,-1.5655892867124561,0.7055817388108726
"[-0.018, -0.004999999999999987, 0.035]",,633,264999991,-14.730336957457721,-10.987088813731372,113.53135284568961,-1.0801029892210938,-1.5725231322809998,0.7075145748601379
"[-0.018, -0.004999999999999987, 0.035]",,633,268999991,-14.810090992277322,-11.143759399794787,114.25317675383431,-2.491971117043632,-1.5760138595208244,0.7013564980825538
"[-0.018, -0.004999999999999987, 0.035]",,633,272999991,-14.889553746512023,-11.280697585912442,114.98678076362714,-2.4777803594868355,-1.5791435832127303,0.7001543454979938
"[-0.018, -0.004999999999999987, 0.035]",,633,276999991,-14.9000192782941,-11.273102823244383,115.01887368974155,-1.055323244092517,-1.57896565049123,0.7019985719271193
"[-0.018, -0.004999999999999987, 0.035]",,633,280999991,-15.019287497535315,-11.556919183976262,116.26869321781973,-2.4497746949560426,-1.5783716249587108,0.7031509911062586
"[-0.018, -0.004999999999999987, 0.035]",,633,284999991,-15.126222891387682,-11.675716260107603,117.17185645874083,-1.0087737767608158,-1.5871348801300271,0.7033751585713239
"[-0.018, -0.004999999999999987, 0.035]",,633,288999991,-15.20501789853925,-11.831877147194028,117.89133601583858,-2.420299009187797,-1.5904751106317647,0.6969516439505402
"[-0.018, -0.004999999999999987, 0.035]",,633,292999991,-15.28965002432189,-11.955125589186899,118.63366870886544,-0.9817617743319678,-1.5925991673040385,0.6997335902372387
"[-0.018, -0.004999999999999987, 0.035]",,633,296999991,-15.360825919478867,-12.086933783280259,119.35008086177032,-0.9648869670907158,-1.5952942088351225,0.7000532497199224
"[-0.018, -0.004999999999999987, 0.035]",,633,300999991,-15.440142720593958,-12.244054188209287,120.06816133643677,-2.3767772505580815,-1.5985430648885444,0.6938784667589286
"[-0.018, -0.004999999999999987, 0.035]",,633,304999991,-15.499878004898925,-12.384770941456217,120.64809768758022,-2.3677468895954195,-1.5969196806887433,0.6956546000987298
"[-0.018, -0.004999999999999987, 0.035]",,633,308999991,-15.59801132995167,-12.519540547809548,121.52378898580322,-2.348085644888223,-1.6041726413976924,0.6917847297823638
"[-0.018, -0.004999999999999987, 0.035]",,633,312999991,-15.657616471319493,-12.660293390952049,122.10304470207217,-2.338994413593338,-1.6025074429705932,0.693523516720173
"[-0.018, -0.004999999999999987, 0.035]",,633,316999991,-15.755668775192385,-12.795172531384992,122.97873614134718,-2.319304470194467,-1.6097322884405902,0.6895911030860292
"[-0.018, -0.004999999999999987, 0.035]",,633,320999991,-15.815338888157342,-12.936030900277201,123.55814291166175,-2.310214076416816,-1.6080606825743764,0.6912907443739049
"[-0.018, -0.004999999999999987, 0.035]",,633,324999991,-15.91333358898307,-13.071015863672631,124.43395543941146,-2.2905012293703577,-1.6152665372360375,0.6872953206995189
"[-0.018, -0.004999999999999987, 0.035]",,633,328999991,-15.973055057763785,-13.211972948866515,125.01347079816603,-2.2814076380027783,-1.613587678737677,0.6889569350141844
"[-0.018, -0.004999999999999987, 0.035]",,633,332999991,-16.050957502935493,-13.350293547172269,125.73372648046997,-2.2667153287914443,-1.6160525109389496,0.6880802507514102
"[-0.018, -0.004999999999999987, 0.035]",,633,336999991,-16.130218539214262,-13.48870279269918,126.46276479766628,-2.2524183650453957,-1.618877521308157,0.686909391705506
"[-0.018, -0.004999999999999987, 0.035]",,633,340999991,-16.20921405028162,-13.626967844597566,127.191199649023,-2.2380205874594075,-1.6216713627651371,0.6856635850728642
"[-0.018, -0.004999999999999987, 0.035]",,633,344999991,-16.28805194323358,-13.765225769100457,127.9190543048413,-2.223568128982031,-1.62442697030045,0.6843863205577131
"[-0.018, -0.004999999999999987, 0.035]",,633,348999991,-16.386427412760636,-13.881477112009453,128.80980355946542,-0.7779330683104829,-1.6313298650586083,0.6852137533793605
"[-0.018, -0.004999999999999987, 0.035]",,633,352999991,-16.445738464154942,-14.0419516243912,129.37409567106994,-2.1946382568496654,-1.6302397927390808,0.6817149724373884
"[-0.018, -0.004999999999999987, 0.035]",,633,356999991,-16.524604639569432,-14.180399393899544,130.10193183440484,-2.1801736280521644,-1.6331422364609822,0.6803364552172778
"[-0.018, -0.004999999999999987, 0.035]",,633,360999991,-16.62326856037234,-14.31554450972903,130.9872992896007,-2.160638656931788,-1.639939281276269,0.6757894199521198
"[-0.018, -0.004999999999999987, 0.035]",,633,364999991,-16.702670516328322,-14.45354573531409,131.7226812711967,-2.1463321736838123,-1.6426847295454285,0.6739972973697278
"[-0.018, -0.004999999999999987, 0.035]",,633,368999991,-16.761252625569497,-14.595117665112895,132.29109348370577,-2.136772632022881,-1.6418040127257272,0.6755952867346556
"[-0.018, -0.004999999999999987, 0.035]",,633,372999991,-16.839269286150408,-14.734049240730979,133.01190043775574,-2.1220672666508764,-1.644082521766097,0.6745489845245892
"[-0.018, -0.004999999999999987, 0.035]",,633,376999991,-16.938266285813842,-14.869663048422563,133.89993621728766,-2.1026436260116412,-1.650315277956489,0.6700266645097889
"[-0.018, -0.004999999999999987, 0.035]",,633,380999991,-16.998290052343535,-15.011440712704095,134.47776112229465,-2.093459360399759,-1.6499597071194634,0.6712350041257432
"[-0.018, -0.004999999999999987, 0.035]",,633,384999991,-17.028918065880525,-15.021078373638028,134.65791720793263,-2.0918477888274105,-1.6537982312020354,0.6645795662062469
"[-0.018, -0.004999999999999987, 0.035]",,633,388999991,-17.172585557302465,-15.2857820037426,136.07750923697722,-2.057851252742162,-1.6575882021724162,0.6660780022079467
"[-0.018, -0.004999999999999987, 0.035]",,633,392999991,-17.235278960279842,-15.428529068809492,136.66452373724096,-2.0500422201670316,-1.6580569431463914,0.6667012759644291
"[-0.018, -0.004999999999999987, 0.035]",,633,396999991,-17.332177612637054,-15.563945302154393,137.5424960640278,-2.029920891344463,-1.6636842862824532,0.6621971052610877
"[-0.018, -0.004999999999999987, 0.035]",,633,400999991,-17.417451005123098,-15.689466497552615,138.28874934026965,-0.5913106471111542,-1.6655868586318752,0.6643209271863258
"[-0.018, -0.004999999999999987, 0.035]",,633,404999991,-17.47065211124447,-15.844879221805344,138.84766565351612,-2.0060287017457092,-1.6657598891279397,0.6616340384022978
"[-0.018, -0.004999999999999987, 0.035]",,633,408999991,-17.5486561896816,-15.984370431804152,139.56913378436354,-1.991242269341832,-1.6679921550035268,0.6603748136006704
"[-0.018, -0.004999999999999987, 0.035]",,633,412999991,-17.6280034020305,-16.12396473802254,140.29969777100996,-1.9768241368079658,-1.6707275282463838,0.6587511712506184
"[-0.018, -0.004999999999999987, 0.035]",,633,416999991,-17.72646084434712,-16.260033720919232,141.18752703302917,-1.957145224362861,-1.6768366430717858,0.6538548515506538
"[-0.018, -0.004999999999999987, 0.035]",,633,420999991,-17.786498127910246,-16.40238196263315,141.76536226728612,-1.947848025857385,-1.6763861432693887,0.6548672800963355
"[-0.018, -0.004999999999999987, 0.035]",,633,424999991,-17.843993754898353,-16.46371889876228,142.22951797094402,-1.9386463917151957,-1.6808900472257116,0.6489451058893256
"[-0.018, -0.004999999999999987, 0.035]",,633,428999991,-17.8503798437843,-16.472861460391265,142.27643553375782,-1.9382366494822671,-1.6811411493743678,0.6468359159266011
"[-0.018, -0.004999999999999987, 0.035]",,633,432999991,-17.863822028310512,-16.489942284985755,142.4229559452859,-1.931938924063112,-1.6806806979794966,0.6483472118312603
"[-0.018, -0.004999999999999987, 0.035]",,633,436999991,-17.888559062140523,-16.519005631596446,142.6313582807258,-1.9263341207605036,-1.68203666538145,0.6498964275688205
"[-0.018, -0.004999999999999987, 0.035]",,633,440999991,-17.918490072540838,-16.556914866776207,142.8851490392088,-1.918762503254344,-1.684206803296834,0.6514601456520039
"[-0.018, -0.004999999999999987, 0.035]",,633,444999991,-17.958402732698282,-16.598700052419407,143.24747620957245,-0.47889890586948014,-1.6862324424316415,0.6597488724106534
"[-0.018, -0.004999999999999987, 0.035]",,633,448999991,-17.988049668505116,-16.66477351363954,143.51404408039576,-1.894036134487301,-1.6887422468825943,0.6556797884803036
"[-0.018, -0.004999999999999987, 0.035]",,633,452999991,-18.033723440081534,-16.738581592578498,143.9335842474181,-1.8767786131436275,-1.6918436601694968,0.6582917650563695
"[-0.018, -0.004999999999999987, 0.035]",,633,456999991,-18.084780349218956,-16.82885283673783,144.39426235287962,-1.8536989048071806,-1.6969852046315186,0.661587115395259
"[-0.018, -0.004999999999999987, 0.035]",,633,460999991,-18.137712143911006,-16.954053020973568,144.86049481280585,-1.8190666922508425,-1.7000219064474056,0.6663311497472044
"[-0.018, -0.004999999999999987, 0.035]",,633,464999991,-18.206249840931573,-17.119477539687903,145.42957198080722,-1.7758405496785417,-1.7046090758403794,0.6707137559895782
"[-0.018, -0.004999999999999987, 0.035]",,633,468999991,-18.297112828390322,-17.35786440713784,146.22548074829947,-0.2895306271402679,-1.711912040755017,0.6805057908429906
"[-0.018, -0.004999999999999987, 0.035]",,633,472999991,-18.347524228454102,-17.54123478640294,146.75047229228448,-1.6763361061099007,-1.715227664749714,0.6757509381514694
"[-0.018, -0.004999999999999987, 0.035]",,633,476999991,-18.42080721964575,-17.768453956875824,147.5324051293747,-1.6174979739224873,-1.7194427314661174,0.6777596740740479
"[-0.018, -0.004999999999999987, 0.035]",,633,480999991,-18.49126941384136,-18.01124654929442,148.37602350509175,-1.5539230639697916,-1.7230611649229726,0.6800707857271922
"[-0.018, -0.004999999999999987, 0.035]",,633,484999991,-18.564561403253112,-18.273719296995793,149.30103068134034,-1.4842093381957056,-1.7266715192232063,0.6830713065973104
"[-0.018, -0.004999999999999987, 0.035]",,633,488999991,-18.65616372230359,-18.61693270399082,150.56895255358842,0.03867845483515661,-1.7294751291113348,0.6930131704666569
"[-0.018, -0.004999999999999987, 0.035]",,633,492999991,-18.70460391021319,-18.89013230845596,151.37438478064976,-1.313913693761269,-1.730969945406208,0.6881661710971426
"[-0.018, -0.004999999999999987, 0.035]",,633,496999991,-18.762943375368454,-19.273167871176597,152.56603940939013,-1.2137169462163004,-1.7299392451306281,0.6899346745363445
"[-0.018, -0.004999999999999987, 0.035]",,633,500999991,-18.82369236527657,-19.710911906145334,153.90977807230405,-1.0972418279669178,-1.7286456048796706,0.6923443874969809
"[-0.018, -0.004999999999999987, 0.035]",,633,504999991,-19.13920546965706,-20.236808551228833,155.58604704871377,-0.9436560224133527,-1.7697467830679212,0.6988445228729134
"[-0.018, -0.004999999999999987, 0.035]",,633,508999991,-19.46880589806582,-20.793365124495423,156.98240482479406,-0.8484321221893589,-1.810240123164185,0.677108459017825
"[-0.018, -0.004999999999999987, 0.035]",,633,512999991,-14.718203039109957,-19.181105347328455,142.83142051396223,-0.21119979883338025,-1.7195632245722017,0.47980779127878304
"[-0.018, -0.004999999999999987, 0.035]",,633,516999991,-15.663999341482397,-19.543142661227563,145.63788399678592,-0.5011098163078687,-1.4089121642087525,0.6315839550783995
"[-0.018, -0.004999999999999987, 0.035]",,633,520999991,-15.777798153011,-19.34509011494976,145.58075568126716,0.862939007201977,-1.4394026636373218,0.6368507769237697
"[-0.018, -0.004999999999999987, 0.035]",,633,525999991,-15.656846577887686,-19.225789233153517,144.72372637037142,0.8151297301481891,-1.426915447376858,0.6432650292578478
"[-0.018, -0.004999999999999987, 0.035]",,633,528999991,-15.611786491804528,-19.193986837880633,144.27846087052936,-0.6395189915659094,-1.4257203000205152,0.6393593088133633
"[-0.018, -0.004999999999999987, 0.035]",,633,532999991,-15.522288436543665,-19.107684030974514,143.62481372519383,0.7482257230574777,-1.4230759753001272,0.648855275557031
"[-0.018, -0.004999999999999987, 0.035]",,633,536999991,-15.440679879016171,-19.096974926768784,143.15315391650617,-0.6923354430581456,-1.4161314506381397,0.6450346147186306
"[-0.018, -0.004999999999999987, 0.035]",,633,540999991,-15.359946554818732,-19.067872321750325,142.570683173628,-0.7079662921986566,-1.4064829414916362,0.6472295031482731
"[-0.018, -0.004999999999999987, 0.035]",,633,544999991,-15.286473739478218,-19.043839820861578,142.05886889950207,-0.7220059649906242,-1.4019796095237118,0.6480878233740541
"[-0.018, -0.004999999999999987, 0.035]",,633,548999991,-15.217495690933104,-19.022077396158064,141.60908487249225,-0.7321477039444886,-1.3956490885240667,0.6491669627209845
"[-0.018, -0.004999999999999987, 0.035]",,633,552999991,-15.156896749783684,-19.004104055855827,141.22188310071485,-0.7406511283318169,-1.3901166084883863,0.650635195099317
"[-0.018, -0.004999999999999987, 0.035]",,633,556999991,-15.106585794324747,-18.989497507063184,140.899811668923,-0.7475621709308742,-1.3853936522809174,0.6516881999932091
"[-0.018, -0.004999999999999987, 0.035]",,633,560999991,-15.065308190041955,-18.978129088271583,140.63546446716393,-0.7533318769128449,-1.3817027826295232,0.6526046118592949
"[-0.018, -0.004999999999999987, 0.035]",,633,564999991,-15.027719207214002,-18.969291637028192,140.40140370194186,-0.7584166836960688,-1.3789187718431444,0.6534178681823137
"[-0.018, -0.004999999999999987, 0.035]",,633,568999991,-14.981200652185333,-18.961037449772185,140.14326220439105,-0.7622873455897097,-1.3745585632547939,0.6540012774314405
"[-0.018, -0.004999999999999987, 0.035]",,633,572999991,-14.935368109806658,-18.954221181587982,139.89366914633746,-0.7654900950910025,-1.3701913041847613,0.6546357166368716
"[-0.018, -0.004999999999999987, 0.035]",,633,576999991,-14.891032025548725,-18.948801099328556,139.65628089667237,-0.7681135255676289,-1.3659334986454055,0.6552409412937596
"[-0.018, -0.004999999999999987, 0.035]",,633,580999991,-14.848263221041258,-18.944762094296387,139.43149383826142,-0.7701428139957542,-1.3617560928338563,0.6558476933221542
"[-0.018, -0.004999999999999987, 0.035]",,633,584999991,-14.806945847129704,-18.942040465205302,139.21890167929985,-0.7717046559722623,-1.357764558615854,0.656571233389364
"[-0.018, -0.004999999999999987, 0.035]",,633,588999991,-14.767514428782258,-18.940461286433347,139.01963458731308,-0.7727650188167742,-1.3539551765500741,0.6572899229000635
"[-0.018, -0.004999999999999987, 0.035]",,633,592999991,-14.73011897982044,-18.939985451220487,138.83399403232994,-0.7733718431023072,-1.3503330873437536,0.6579393823922252
"[-0.018, -0.004999999999999987, 0.035]",,633,596999991,-14.694916537315798,-18.94053131359582,138.66240697877936,-0.7735340545822117,-1.3468801472367065,0.6584833896033737
"[-0.018, -0.004999999999999987, 0.035]",,633,600999991,-14.66202303039085,-18.9421559510741,138.50501008160427,-0.7733057781798764,-1.3436915973388115,0.6589245932027078
"[-0.018, -0.004999999999999987, 0.035]",,633,604999991,-14.622895193684206,-18.925623428765896,138.32436650830596,0.6532622846789907,-1.339397804398857,0.6652429220322429
"[-0.018, -0.004999999999999987, 0.035]",,633,608999991,-14.601777705392594,-18.948047497343467,138.22692039256475,-0.7717573480370458,-1.3378292349047411,0.6597141585634423
"[-0.018, -0.004999999999999987, 0.035]",,633,612999991,-14.57397682729848,-18.952190115569742,138.1036294609785,-0.7705242059918775,-1.3351487318901545,0.6600674842169812
"[-0.018, -0.004999999999999987, 0.035]",,633,616999991,-14.541510839123346,-18.95660599187199,137.96469926312525,-0.7691572380471549,-1.3320888388007832,0.660341064991913
"[-0.018, -0.004999999999999987, 0.035]",,633,620999991,-14.508098526939797,-18.961282813043162,137.8231817670806,-0.7674808762683638,-1.328793504034693,0.6606349116958922
"[-0.018, -0.004999999999999987, 0.035]",,633,624999991,-14.474240833363957,-18.966351816426048,137.6807365197331,-0.7656302007202967,-1.3254457659599195,0.6609255111914842
"[-0.018, -0.004999999999999987, 0.035]",,633,628999991,-14.430641814189373,-18.953395247497248,137.4997935062147,0.6626791910588502,-1.3206497711284326,0.667093345041904
"[-0.018, -0.004999999999999987, 0.035]",,633,632999991,-14.405138980761073,-18.977617362846942,137.39241910047375,-0.7614147459053919,-1.318611823249591,0.6614939992642541
"[-0.018, -0.004999999999999987, 0.035]",,633,636999991,-14.369906431504349,-18.983815554844632,137.24643282635594,-0.7590441867361488,-1.3151297173550458,0.661741891799238
"[-0.018, -0.004999999999999987, 0.035]",,633,640999991,-14.334351470947338,-18.990404479630506,137.09981712001178,-0.7565055884705651,-1.3116117980919753,0.6619384864061073
"[-0.018, -0.004999999999999987, 0.035]",,633,644999991,-14.28861895761188,-18.97933690489112,136.9134950568899,0.6726594795621675,-1.3066070373173728,0.6679765963828797
"[-0.018, -0.004999999999999987, 0.035]",,633,648999991,-14.25200751027057,-18.98674938964838,136.76407124322938,0.6755744817230129,-1.3029865633374198,0.6681418991949328
"[-0.018, -0.004999999999999987, 0.035]",,633,652999991,-14.224858100006223,-19.012366635152027,136.65242840567882,-0.7478863503082138,-1.3007836794035108,0.6624452596095847
"[-0.018, -0.004999999999999987, 0.035]",,633,656999991,-14.18726534148332,-19.020404491381623,136.50000867439752,-0.7446825843338676,-1.2970671459940273,0.6625891771974548
"[-0.018, -0.004999999999999987, 0.035]",,633,660999991,-14.148591243875417,-19.028773023490317,136.34392636242833,-0.7413287801898347,-1.2932409817395103,0.662840455021994
"[-0.018, -0.004999999999999987, 0.035]",,633,664999991,-14.108960405009187,-19.037618184898278,136.18488877819433,-0.7377336933492187,-1.2892360198285546,0.6631542925227798
"[-0.018, -0.004999999999999987, 0.035]",,633,668999991,-14.069247870293584,-19.04695795157481,136.0261819417837,-0.733993768504492,-1.28531669936611,0.6634523126416494
"[-0.018, -0.004999999999999987, 0.035]",,633,672999991,-14.029349812651777,-19.056717381472062,135.86784522609742,-0.7300701607962989,-1.281371111115901,0.6637427362979713
"[-0.018, -0.004999999999999987, 0.035]",,633,676999991,-13.97860008017801,-19.049664750590914,135.66913248764237,0.7008420473733572,-1.275861705268328,0.6699112287533237
"[-0.018, -0.004999999999999987, 0.035]",,633,680999991,-13.94911048243898,-19.077448342486235,135.55264556721588,-0.7216894601194714,-1.273425704549458,0.6643092905179576
"[-0.018, -0.004999999999999987, 0.035]",,633,684999991,-13.9085560270486,-19.088409716386487,135.3948150586797,-0.7172624682917002,-1.2694243358740231,0.6645836135216252
"[-0.018, -0.004999999999999987, 0.035]",,633,688999991,-13.861990080093726,-19.09940813260303,135.2133571283483,-0.7128069845989066,-1.2648884106256952,0.6648093213369621
"[-0.018, -0.004999999999999987, 0.035]",,633,692999991,-13.812799346690912,-19.110434055038873,135.02026531438278,-0.7081659736192623,-1.2600212517056772,0.6650707198394565
"[-0.018, -0.004999999999999987, 0.035]",,633,696999991,-13.761312969984587,-19.12159707198701,134.81671988289492,-0.703432326729743,-1.2549208856913487,0.6653376119477709
"[-0.018, -0.004999999999999987, 0.035]",,633,700999991,-13.707553724610543,-19.132912057182274,134.60282264813813,-0.6986008592045904,-1.249595237060937,0.6656125504172306
"[-0.018, -0.004999999999999987, 0.035]",,633,704999991,-13.651459603022857,-19.14438314310513,134.37827586678966,-0.6936674106089401,-1.2440409047997787,0.6658966384958022
"[-0.018, -0.004999999999999987, 0.035]",,633,708999991,-13.593196113426433,-19.15603624644428,134.1435034850252,-0.6886138676557356,-1.2382790146037075,0.6661056036898305
"[-0.018, -0.004999999999999987, 0.035]",,633,712999991,-13.532626296207459,-19.16789183307671,133.89811404278976,-0.6834484771660988,-1.2322866112244064,0.6662688247958222
"[-0.018, -0.004999999999999987, 0.035]",,633,716999991,-13.469374340782272,-19.18014967913565,133.64094650848202,-0.6780698935238718,-1.2259579977865651,0.6664613169984073
"[-0.018, -0.004999999999999987, 0.035]",,633,720999991,-13.403512590016168,-19.192756268841737,133.37247996943356,-0.6725864163799219,-1.219444190692351,0.6667691097784618
"[-0.018, -0.004999999999999987, 0.035]",,633,724999991,-13.335152922678239,-19.205626535652478,133.0931102542489,-0.6669431128307078,-1.2126959265699404,0.6671544530173386
"[-0.018, -0.004999999999999987, 0.035]",,633,728999991,-13.264864685255088,-19.218765287733177,132.80477886166514,-0.661148393361948,-1.2056984175318752,0.6675484240484533
"[-0.018, -0.004999999999999987, 0.035]",,633,732999991,-13.194835087484147,-19.232279460590938,132.51749699705962,-0.6552459374566658,-1.1987416086570173,0.6679205513657369
"[-0.018, -0.004999999999999987, 0.035]",,633,736999991,-13.125089669582936,-19.246066181568704,132.232116783855,-0.6492212443342034,-1.1918357208801131,0.6682973879250322
"[-0.018, -0.004999999999999987, 0.035]",,633,740999991,-13.053497555332056,-19.260143429062325,131.93997936037783,-0.6432091297673973,-1.1847911444973396,0.668639730421563
"[-0.018, -0.004999999999999987, 0.035]",,633,744999991,-12.974622185574445,-19.273929804163792,131.61818082750497,-0.6370432413592616,-1.1770313567242816,0.6689792936212065
"[-0.018, -0.004999999999999987, 0.035]",,633,748999991,-12.87101935758504,-19.271346338421587,131.1936828844018,0.7964885375884143,-1.1663372289800822,0.6751572633653082
"[-0.018, -0.004999999999999987, 0.035]",,633,752999991,-12.808097807522099,-19.301570974350206,130.93256515884838,-0.6245452854503574,-1.160601420029925,0.6694863601396501
"[-0.018, -0.004999999999999987, 0.035]",,633,756999991,-12.720664334294316,-19.31544610387523,130.57033353264148,-0.6182291740201987,-1.1519518982345516,0.6697561978153533
"[-0.018, -0.004999999999999987, 0.035]",,633,760999991,-12.629686911366184,-19.329459440405735,130.19268788371886,-0.611802418593276,-1.1429012759361585,0.6703023450906443
"[-0.018, -0.004999999999999987, 0.035]",,633,764999991,-12.536196830814959,-19.34362376533393,129.80304319946862,-0.6053259034674868,-1.1336750962213074,0.670842313997047
"[-0.018, -0.004999999999999987, 0.035]",,633,768999991,-12.414881851621846,-19.34158256124182,129.2970063742995,0.8286037014748221,-1.1212229542804464,0.6773378509003533
"[-0.018, -0.004999999999999987, 0.035]",,633,772999991,-12.34123146138607,-19.37213027655781,128.98683859792757,-0.5921699006064383,-1.1144245079081918,0.6719438304357219
"[-0.018, -0.004999999999999987, 0.035]",,633,776999991,-12.239652363484607,-19.386476454959478,128.55963030308766,-0.5854722196983474,-1.1043858228218468,0.6725272676529039
"[-0.018, -0.004999999999999987, 0.035]",,633,780999991,-12.134693305686469,-19.40097037890589,128.11709840052728,-0.5787266295436664,-1.094015670546319,0.6731029323216853
"[-0.018, -0.004999999999999987, 0.035]",,633,784999991,-12.017663094967705,-19.415126625541575,127.62414342763869,-0.5720488422894541,-1.0824858896618037,0.67363162107733
"[-0.018, -0.004999999999999987, 0.035]",,633,788999991,-11.89625569396735,-19.429044555661882,127.0997501111519,-0.5652384214681978,-1.070374149299663,0.6740738229533325
"[-0.018, -0.004999999999999987, 0.035]",,633,792999991,-11.748641548903505,-19.426517543412388,126.41958087104898,0.8690396665441696,-1.055663157123516,0.6804695990909356
"[-0.018, -0.004999999999999987, 0.035]",,633,796999991,-11.659556440776411,-19.456609705891104,126.00611715787147,-0.5516043827210257,-1.0475444898917756,0.6750810108069225
"[-0.018, -0.004999999999999987, 0.035]",,633,800999991,-11.537810004042596,-19.470171528589646,125.44267425843566,-0.5448377977562416,-1.035775230164183,0.6757199146077791
"[-0.018, -0.004999999999999987, 0.035]",,633,804999991,-11.414290397396886,-19.483574280819617,124.86896353121263,-0.5381089289502904,-1.023889142301932,0.676292997799974
"[-0.018, -0.004999999999999987, 0.035]",,633,808999991,-11.289048747456924,-19.49682528142499,124.2858862934078,-0.5314041186855898,-1.0117841498550169,0.6768002475953527
"[-0.018, -0.004999999999999987, 0.035]",,633,812999991,-11.161328149340026,-19.50992611306868,123.69101516304617,-0.5247663759556975,-0.9994195569878513,0.6773011538977011
"[-0.018, -0.004999999999999987, 0.035]",,633,816999991,-11.020012907772637,-19.522733568016953,123.0467489248595,-0.5182378429354838,-0.9856463498322428,0.6777539882130214
"[-0.018, -0.004999999999999987, 0.035]",,633,821999991,-10.796450476098682,-19.541174949692774,122.02138508353408,-0.5085052489945024,-0.9639777914069958,0.6787312251719071
"[-0.018, -0.004999999999999987, 0.035]",,633,824999991,-10.679736208117031,-19.53023760847576,121.48456895815744,0.9220323347117644,-0.9522237059143079,0.6851008385919302
"[-0.018, -0.004999999999999987, 0.035]",,633,828999991,-10.562263789547517,-19.558779906102114,120.93886270446289,-0.498931567973931,-0.9412909097619656,0.6797717628747115
"[-0.018, -0.004999999999999987, 0.035]",,633,832999991,-10.4003699333935,-19.570096521849678,120.18744548347178,-0.4926468567352321,-0.9255612867849784,0.6804482913202168
"[-0.018, -0.004999999999999987, 0.035]",,633,836999991,-10.247893193175555,-19.581144514444603,119.41396638935097,-0.4863479962247035,-0.91099957193625,0.6810214727926595
"[-0.018, -0.004999999999999987, 0.035]",,633,840999991,-10.092079951294473,-19.591911542245676,118.61385142912196,-0.48013282400479385,-0.8963567022219837,0.6818139760279687
"[-0.018, -0.004999999999999987, 0.035]",,633,844999991,-9.95542126433698,-19.60276505548319,117.85403355149039,-0.47345193193422286,-0.8819191926476062,0.6820277245325194
"[-0.018, -0.004999999999999987, 0.035]",,633,848999991,-9.852183422139298,-19.598477059030646,117.35068509802001,0.9592302850113571,-0.8729422617987005,0.6874030223338372
"[-0.018, -0.004999999999999987, 0.035]",,633,853999991,-9.767227558137769,-19.610045747924183,116.89866953899062,0.9651659684727086,-0.8654635896616295,0.6874974608972151
"[-0.018, -0.004999999999999987, 0.035]",,633,856999991,-9.697637881629658,-19.638479035977454,116.5259273580744,-0.45603638265614344,-0.8596141558615927,0.6818456591866393
"[-0.018, -0.004999999999999987, 0.035]",,633,860999991,-9.599824969476938,-19.64977988838115,115.99746932139288,-0.4499208193644536,-0.8507054898442196,0.6819122067319451
"[-0.018, -0.004999999999999987, 0.035]",,633,864999991,-9.497726541508385,-19.660923900893287,115.44081547602454,-0.4437361692452668,-0.8413534416170856,0.6820294512974212
"[-0.018, -0.004999999999999987, 0.035]",,633,868999991,-9.392406524555224,-19.67206016306003,114.85830569926253,-0.43751498906499975,-0.8317121182918643,0.6821068925453639
"[-0.018, -0.004999999999999987, 0.035]",,633,872999991,-9.2952428863909,-19.681819702324137,114.24812734046455,-0.43143982083356647,-0.8231074712583077,0.6822485054075466
"[-0.018, -0.004999999999999987, 0.035]",,633,876999991,-9.156064471783557,-19.696033361065886,113.2723051661815,-0.42234834548260025,-0.8112448770089595,0.6822419917260922
"[-0.018, -0.004999999999999987, 0.035]",,633,880999991,-9.075640029635242,-19.68283037538461,112.71982634637712,1.0081928584968498,-0.8047966062926668,0.6883295527216581
"[-0.018, -0.004999999999999987, 0.035]",,633,884999991,-8.996147096960325,-19.70917393881709,112.17418553367362,-0.4129119925858474,-0.7984105706897483,0.6826521317913657
"[-0.018, -0.004999999999999987, 0.035]",,633,888999991,-8.887047181580678,-19.71761389451662,111.44434274448278,-0.4069095115718474,-0.7889640946879076,0.6829108910962701
"[-0.018, -0.004999999999999987, 0.035]",,633,892999991,-8.731287054265227,-19.708129747282456,110.53212724959644,1.0253106857937409,-0.7739171987261544,0.6893021467136293
"[-0.018, -0.004999999999999987, 0.035]",,633,896999991,-8.615158644990341,-19.734169664826062,109.92728891060379,-0.39807216882164437,-0.7631390305977102,0.6839329092334226
"[-0.018, -0.004999999999999987, 0.035]",,633,900999991,-8.445918245784405,-19.74255659465208,109.04561021456219,-0.3961162935081977,-0.7475405696364028,0.6845037624346617
"[-0.018, -0.004999999999999987, 0.035]",,633,904999991,-8.283476527413988,-19.751004267509252,108.1183179248991,-0.39406171348132557,-0.7328156270323387,0.685068974453354
"[-0.018, -0.004999999999999987, 0.035]",,633,908999991,-8.116818858906841,-19.76006047869511,107.15843028087093,-0.39191729931924957,-0.7177875169726006,0.6857107755834227
"[-0.018, -0.004999999999999987, 0.035]",,633,912999991,-7.948259618215708,-19.769279018410685,106.17656409901772,-0.389824137488625,-0.7024123576882759,0.6862511781854664
"[-0.018, -0.004999999999999987, 0.035]",,633,917999991,-7.669164154470265,-19.782635449410815,104.6100160037247,-0.3868221669849306,-0.6771529788503137,0.6871288403852978
"[-0.018, -0.004999999999999987, 0.035]",,633,920999991,-7.566565326362306,-19.786903660523905,104.06371017023228,-0.3858913232604778,-0.66759600697556,0.6875096639842678
"[-0.018, -0.004999999999999987, 0.035]",,633,924999991,-7.357542816494703,-19.795280109080814,102.94906948522824,-0.3840677334840471,-0.648108477460638,0.6883021926623285
"[-0.018, -0.004999999999999987, 0.035]",,633,928999991,-7.148684241690199,-19.803697855672326,101.80879813463612,-0.3822097848178312,-0.6287082584967523,0.6890979436224747
"[-0.018, -0.004999999999999987, 0.035]",,633,932999991,-6.953009942383779,-19.81257155071028,100.64859668024896,-0.38021362528576075,-0.6111250080670098,0.6898979418337661
"[-0.018, -0.004999999999999987, 0.035]",,633,936999991,-6.7361484635193625,-19.821057439285653,99.44591783505572,-0.3785104849735258,-0.5910156073995564,0.6905728197807176
"[-0.018, -0.004999999999999987, 0.035]",,633,940999991,-6.506056781859521,-19.82912916084436,98.19801355291868,-0.3768667880075639,-0.5696899381745248,0.691505792266153
"[-0.018, -0.004999999999999987, 0.035]",,633,944999991,-6.150498284401568,-19.840983118906557,96.26050326525205,-0.3745503002413621,-0.5367263980217883,0.6928739663762629
"[-0.018, -0.004999999999999987, 0.035]",,633,948999991,-6.033522966194035,-19.844723849425392,95.5965379737649,-0.3738973977282903,-0.5260401377373547,0.6932548719306887
"[-0.018, -0.004999999999999987, 0.035]",,633,952999991,-5.778897269200704,-19.852363257324775,94.21387306014404,-0.37240973680886236,-0.5023247904981409,0.6942271972781968
"[-0.018, -0.004999999999999987, 0.035]",,633,956999991,-5.520201613947193,-19.85955420025515,92.78457279912608,-0.3711529407663424,-0.4784803372056384,0.6953324987297391
"[-0.018, -0.004999999999999987, 0.035]",,633,960999991,-5.254814787889458,-19.866612825469623,91.31622207710878,-0.3699707080970069,-0.45399813190651656,0.6964325249527159
"[-0.018, -0.004999999999999987, 0.035]",,633,964999991,-4.9793288452549955,-19.87345368231999,89.80907151850445,-0.3689266450019948,-0.4283412799619593,0.6974521627676082
"[-0.018, -0.004999999999999987, 0.035]",,633,968999991,-4.676297104348249,-19.8797182417286,88.24227461048638,-0.36809412281022624,-0.3996835960535637,0.6986697917169136
"[-0.018, -0.004999999999999987, 0.035]",,633,972999991,-4.302174524181445,-19.867747749295987,86.2178119551534,1.0586918006426582,-0.3643689663361458,0.7060917413648222
"[-0.018, -0.004999999999999987, 0.035]",,633,976999991,-3.9997390830130186,-19.873903551987908,84.55187299238276,1.0594474907908045,-0.3362613359838732,0.707278646255133
"[-0.018, -0.004999999999999987, 0.035]",,633,980999991,-3.753103269331273,-19.897854691309725,83.26383816552601,-0.3658935708885289,-0.31349525635981923,0.7023777657320341
"[-0.018, -0.004999999999999987, 0.035]",,633,984999991,-3.418258211124094,-19.902736662438294,81.49469389581698,-0.36560763955361786,-0.282115816461344,0.703788900006413
"[-0.018, -0.004999999999999987, 0.035]",,633,988999991,-3.067331295697696,-19.90793919490192,79.66451671299629,-0.3651407839653825,-0.24908950542062153,0.7053769500140453
"[-0.018, -0.004999999999999987, 0.035]",,633,992999991,-2.7084352692860394,-19.912624100363637,77.77430157717623,-0.3650206976217114,-0.2151748570360421,0.7067297508967365
"[-0.018, -0.004999999999999987, 0.035]",,633,996999991,-2.3348340445871814,-19.916468991979897,75.82558849381705,-0.36509815495788644,-0.17996429295036087,0.7083348595281334
"[-0.018, -0.004999999999999987, 0.035]",,634,999991,-1.8473084439553193,-19.9007479941178,73.31066403608136,1.0602221867580206,-0.13315760593302473,0.7159724366517758
"[-0.018, -0.004999999999999987, 0.035]",,634,4999991,-1.5336237857071824,-19.922699094083953,71.75510280828966,-0.3658630586644698,-0.1036157704794719,0.7115039789747752
"[-0.018, -0.004999999999999987, 0.035]",,634,8999991,-1.128218396220383,-19.927536204562436,69.63241771831635,-0.3658517886046024,-0.0653913225416829,0.7136711261540621
"[-0.018, -0.004999999999999987, 0.035]",,634,12999991,-0.7231375901651496,-19.93317335657219,67.46564457902718,-0.36578407212606295,-0.027448800116894767,0.7158260684111989
"[-0.018, -0.004999999999999987, 0.035]",,634,16999991,-0.28301295323082926,-19.937977851431015,65.24304912923212,-0.3660580299956415,0.014693335996016299,0.7179705467701047
"[-0.018, -0.004999999999999987, 0.035]",,634,20999991,0.1577134034416487,-19.942332521746955,62.97057509461723,-0.3663820329274774,0.05645018300473581,0.7202873492915126
"[-0.018, -0.004999999999999987, 0.035]",,634,24999991,0.5865095743484334,-19.946310361856302,60.64999172673993,-0.36682173542198687,0.09642779577857796,0.7224658271159861
"[-0.018, -0.004999999999999987, 0.035]",,634,28999991,1.0350616930896894,-19.949696239649207,58.274763703296586,-0.3673467231927254,0.13868358707693484,0.7246590411673205
"[-0.018, -0.004999999999999987, 0.035]",,634,32999991,1.4906550471058448,-19.95196016326917,55.8462750901822,-0.3681697194797058,0.18140096036501563,0.7269472591200952
"[-0.018, -0.004999999999999987, 0.035]",,634,36999991,1.946074692595028,-19.953603675555442,53.368690797441275,-0.3691315284256885,0.2238375335478373,0.7291970296163122
"[-0.018, -0.004999999999999987, 0.035]",,634,40999991,2.501637767721665,-19.93544466516581,50.204904592707166,1.0553376613435277,0.27529504716267594,0.7375494010895142
"[-0.018, -0.004999999999999987, 0.035]",,634,44999991,2.869993911594691,-19.95460136475218,48.26527473701357,-0.3716301752339945,0.3097938215938528,0.7329329476154464
"[-0.018, -0.004999999999999987, 0.035]",,634,48999991,3.637818536939131,-19.928531747485643,44.91068169134208,1.0504050153740896,0.38661682202034997,0.7410998431172728
"[-0.018, -0.004999999999999987, 0.035]",,634,52999991,4.103230570440053,-19.944493364680376,42.84925101933963,-0.377485044118437,0.43204533889011343,0.7370796634293102
"[-0.018, -0.004999999999999987, 0.035]",,634,56999991,4.739657510841677,-19.93887439966589,40.04004583807088,-0.38052139606737,0.49517279484178134,0.7393280673795345
"[-0.018, -0.004999999999999987, 0.035]",,634,60999991,5.369608696266872,-19.93261475284909,37.20239258455352,-0.38361991534984896,0.5577264569731234,0.7397229924738328
"[-0.018, -0.004999999999999987, 0.035]",,634,64999991,5.970573256468826,-19.927890395917444,34.48116070113265,-0.3866867400220542,0.6164512412803295,0.7356506200393482
"[-0.018, -0.004999999999999987, 0.035]",,634,68999991,6.564165151855711,-19.92350136818531,31.765505655611026,-0.3896918033233162,0.6744800428373011,0.7319424915675323
"[-0.018, -0.004999999999999987, 0.035]",,634,72999991,7.159216783117197,-19.91897576883031,29.03225457908,-0.3925425599123531,0.7327588296355433,0.7284059201339487
"[-0.018, -0.004999999999999987, 0.035]",,634,76999991,7.916527158509073,-19.893105118679486,25.58009587567166,1.029460962736839,0.8077535074296226,0.7296717176512958
"[-0.018, -0.004999999999999987, 0.035]",,634,80999991,8.358228819964491,-19.909325754835876,23.493102832084094,-0.398339809343028,0.8501626336980367,0.7213643318560532
"[-0.018, -0.004999999999999987, 0.035]",,634,84999991,9.119904690413254,-19.88276303159588,19.966949550391753,1.023560742528916,0.9253092942051205,0.7226609618334883
"[-0.018, -0.004999999999999987, 0.035]",,634,88999991,9.576676690388373,-19.898517011224016,17.830421582865057,-0.40438409469632786,0.9693187713520154,0.7143345958900038
"[-0.018, -0.004999999999999987, 0.035]",,634,92999991,10.199227635159728,-19.892603709514027,14.945033184893482,-0.40755250370390617,1.0302291623648552,0.7107940588643789
"[-0.018, -0.004999999999999987, 0.035]",,634,96999991,10.771352569316141,-19.886717962511316,12.162718374000015,-0.4103987128682991,1.085397908670099,0.6992905201307764
"[-0.018, -0.004999999999999987, 0.035]",,634,100999991,11.282364724342917,-19.88135276911236,9.509127888315149,-0.41339084642941293,1.1313792651670624,0.6883117484721053
"[-0.018, -0.004999999999999987, 0.035]",,634,104999991,11.852789676331769,-19.85450650790695,7.068533433025092,1.00484549413665,1.1940449943317533,0.6848640089196831
"[-0.018, -0.004999999999999987, 0.035]",,634,108999991,11.820708093651817,-19.8514117523071,7.461124640794171,1.0054121259499393,1.1903963935894435,0.6860381103165122
"[-0.018, -0.004999999999999987, 0.035]",,634,112999991,11.819126099734273,-19.84724475481281,7.596703602215818,1.0051720504445412,1.1900687612856444,0.6865682670848576
"[-0.018, -0.004999999999999987, 0.035]",,634,116999991,11.824333383445046,-19.864324701720925,7.585085817627609,-0.42130088458931203,1.1904509158842198,0.6808135512158682
"[-0.018, -0.004999999999999987, 0.035]",,634,120999991,11.834378042268344,-19.85993832396443,7.623772595357999,-0.42199221578722856,1.1913729566118016,0.6810640974476435
"[-0.018, -0.004999999999999987, 0.035]",,634,124999991,11.878927772864653,-19.855791195940945,7.414626194725542,-0.4238019089875703,1.196407110826101,0.6804148462721656
"[-0.018, -0.004999999999999987, 0.035]",,634,128999991,11.887184051353993,-19.85167010729529,7.458011452519542,-0.42459205418919665,1.1977362821971158,0.6805030572072873
"[-0.018, -0.004999999999999987, 0.035]",,634,132999991,11.853733548738045,-19.847441540940274,7.754837091395474,-0.4243473976819037,1.1946125142234472,0.6815432555376089
"[-0.018, -0.004999999999999987, 0.035]",,634,136999991,11.870259274122779,-19.843084696040755,7.731990372638376,-0.42539453559973794,1.196524609931081,0.6815652391041642
"[-0.018, -0.004999999999999987, 0.035]",,634,140999991,11.876931725408978,-19.838778122568442,7.742350103295226,-0.4264230012480963,1.1976526280613196,0.681654448893429
"[-0.018, -0.004999999999999987, 0.035]",,634,144999991,11.882158384149498,-19.834366894679107,7.807054703783059,-0.42737700206377743,1.1989711036608406,0.6819449134582699
"[-0.018, -0.004999999999999987, 0.035]",,634,148999991,11.888700667729962,-19.830017648695478,7.8531845977346375,-0.4285700376113962,1.1996768165489544,0.6822384751497507
"[-0.018, -0.004999999999999987, 0.035]",,634,152999991,11.89837370865139,-19.82564372133111,7.879818384281318,-0.4299081417122562,1.2004634149190614,0.6825136647524733
"[-0.018, -0.004999999999999987, 0.035]",,634,156999991,11.910069058384863,-19.821248914038584,7.906541348190605,-0.43124033132294204,1.201966670584202,0.682769572889281
"[-0.018, -0.004999999999999987, 0.035]",,634,160999991,11.922002635084274,-19.81684774855635,7.932631950070129,-0.432583495823735,1.2032724217862114,0.6830423865008799
"[-0.018, -0.004999999999999987, 0.035]",,634,164999991,11.933421850970895,-19.812453568562454,7.957519650265751,-0.43393644817080146,1.20425044146232,0.6833368182819191
"[-0.018, -0.004999999999999987, 0.035]",,634,168999991,11.945326340276644,-19.80806372317074,7.981977957070362,-0.4352865220051776,1.2052013269064399,0.6836395279364147
"[-0.018, -0.004999999999999987, 0.035]",,634,172999991,12.016495301259162,-19.782557964474826,7.370946026118314,0.9882198163759569,1.2168799610182308,0.6877849215861894
"[-0.018, -0.004999999999999987, 0.035]",,634,176999991,11.974215250933701,-19.799474496913376,8.032967695746812,-0.43791102023712425,1.2074408483657222,0.684291662017024
"[-0.018, -0.004999999999999987, 0.035]",,634,180999991,11.986403685344063,-19.79524617543421,8.058125196954483,-0.4392604870490449,1.2083708191355829,0.6845629259859058
"[-0.018, -0.004999999999999987, 0.035]",,634,184999991,11.999288956108005,-19.79105344240839,8.08186810943711,-0.44053411443498625,1.2094039353031003,0.6848697088445306
"[-0.018, -0.004999999999999987, 0.035]",,634,188999991,12.009629290252022,-19.78686868494772,8.10679652978595,-0.44188128413151195,1.210196967196595,0.6851417333814673
"[-0.018, -0.004999999999999987, 0.035]",,634,192999991,12.023984303895952,-19.782577658854983,8.132141411827615,-0.44303929667142405,1.211883967031934,0.685467031875574
"[-0.018, -0.004999999999999987, 0.035]",,634,196999991,12.037503227652465,-19.77835481281027,8.157374465919808,-0.44432399222841634,1.2130634094525892,0.6857758482882216
"[-0.018, -0.004999999999999987, 0.035]",,634,200999991,12.050375539277894,-19.774145400326574,8.179940786765076,-0.44565294148309564,1.21369882883373,0.686112073418176
"[-0.018, -0.004999999999999987, 0.035]",,634,204999991,12.065028267367955,-19.769941941323566,8.206960324234817,-0.4468991250310518,1.2154961547510923,0.6863916205698192
"[-0.018, -0.004999999999999987, 0.035]",,634,208999991,12.078019455768,-19.765738437773287,8.234266092851295,-0.4481736528460669,1.2166035548544962,0.6867135535058806
"[-0.018, -0.004999999999999987, 0.035]",,634,212999991,12.090346571951141,-19.76154020744012,8.261259320283331,-0.4494350248450575,1.2177273675595326,0.6870339330576319
"[-0.018, -0.004999999999999987, 0.035]",,634,216999991,12.102351857555798,-19.757343856508633,8.288297575598984,-0.45069673978746994,1.218773113498985,0.687359764955344
"[-0.018, -0.004999999999999987, 0.035]",,634,220999991,12.184560796873512,-19.7317136819972,7.685812404259751,0.9738998525870858,1.2452411488402384,0.6903230847507922
"[-0.018, -0.004999999999999987, 0.035]",,634,224999991,12.200929120888658,-19.727493120799203,7.710660442698882,0.9727464265346858,1.2483508082162396,0.690498372932555
"[-0.018, -0.004999999999999987, 0.035]",,634,228999991,12.137461566627172,-19.744974690979923,8.378020291470037,-0.45450270139488713,1.2215286115501014,0.6884154379503333
"[-0.018, -0.004999999999999987, 0.035]",,634,233999991,12.229707883432676,-19.7191937270524,7.735760841486755,0.9703694804287176,1.254534954082728,0.6906895115850644
"[-0.018, -0.004999999999999987, 0.035]",,634,236999991,12.159321636965187,-19.73683756380485,8.431342505025755,-0.45693827656121977,1.223310168582615,0.6890788254459167
"[-0.018, -0.004999999999999987, 0.035]",,634,240999991,12.169302546652972,-19.73269121132889,8.457120078370647,-0.4581887613473957,1.2243434566091276,0.6893743241623361
"[-0.018, -0.004999999999999987, 0.035]",,634,244999991,12.182798900748205,-19.728462591781536,8.483541560060226,-0.4593702296683645,1.2261936222051468,0.6896557430100109
"[-0.018, -0.004999999999999987, 0.035]",,634,248999991,12.196961522675911,-19.724213726089566,8.508916628672688,-0.46059732120483554,1.2281978250642998,0.6898965672907378
"[-0.018, -0.004999999999999987, 0.035]",,634,252999991,12.212268885354147,-19.71992077508047,8.536464905642838,-0.4617878418247401,1.2308821665167002,0.6900917055753931
"[-0.018, -0.004999999999999987, 0.035]",,634,256999991,12.227689915808394,-19.715591019021385,8.563883003165905,-0.4630038929715381,1.2334152699522583,0.6903012280810902
"[-0.018, -0.004999999999999987, 0.035]",,634,260999991,12.243665256407745,-19.711218345812956,8.592631555251796,-0.464210271018449,1.2362305130494509,0.6904981403761055
"[-0.018, -0.004999999999999987, 0.035]",,634,264999991,12.25974903904689,-19.706798799044478,8.62114783795848,-0.46544478996686545,1.2389496354797296,0.6907044399976586
"[-0.018, -0.004999999999999987, 0.035]",,634,268999991,12.276256621367102,-19.702328692420583,8.65051266239291,-0.46667615311899646,1.2418434789173225,0.690904986111113
"[-0.018, -0.004999999999999987, 0.035]",,634,272999991,12.29283726307818,-19.697822313901497,8.680049051604827,-0.4679191257918408,1.244719076127268,0.6911090986811719
"[-0.018, -0.004999999999999987, 0.035]",,634,276999991,12.3148706792437,-19.69338552229194,8.713207645906927,-0.46899444439651783,1.2485513728573987,0.6913420293164854
"[-0.018, -0.004999999999999987, 0.035]",,634,280999991,12.335583489836907,-19.688972543941873,8.753544992104977,-0.4702156326136492,1.2537196368840822,0.691359412316803
"[-0.018, -0.004999999999999987, 0.035]",,634,284999991,12.35131298110228,-19.684544097179383,8.778638354950806,-0.47158194480645976,1.2550083928970004,0.6916671861035794
"[-0.018, -0.004999999999999987, 0.035]",,634,288999991,12.368681318879217,-19.68002562420334,8.816039318463577,-0.47269344579836503,1.259338034061297,0.6917905921919529
"[-0.018, -0.004999999999999987, 0.035]",,634,292999991,12.380521027573975,-19.67540146906492,8.837443108372614,-0.47419904583548633,1.2591498371183758,0.6921987672780372
"[-0.018, -0.004999999999999987, 0.035]",,634,296999991,12.401277331961456,-19.670647279407223,8.876950187935396,-0.47526310538927796,1.2651550825741973,0.6922288423460624
"[-0.018, -0.004999999999999987, 0.035]",,634,300999991,12.417203003315441,-19.66585574114559,8.901022859162545,-0.4767196272194313,1.2666325673121213,0.6925387639376104
"[-0.018, -0.004999999999999987, 0.035]",,634,304999991,12.437571057132235,-19.660957029351685,8.938128079799013,-0.47788832984062113,1.271830156372348,0.6926272700837153
"[-0.018, -0.004999999999999987, 0.035]",,634,308999991,12.454893796645559,-19.656000939794097,8.965757823660688,-0.47931752080502543,1.2741978183505158,0.6928942315039955
"[-0.018, -0.004999999999999987, 0.035]",,634,312999991,12.475153925707408,-19.650957878501917,9.001910138585892,-0.4805636675952849,1.2788881425420695,0.6930212161065282
"[-0.018, -0.004999999999999987, 0.035]",,634,316999991,12.493460611892532,-19.645841975259685,9.031905945350516,-0.4819924858604899,1.2817808186895658,0.6932655630851775
"[-0.018, -0.004999999999999987, 0.035]",,634,320999991,12.531383040682835,-19.640616075089348,8.933954572829427,-0.4836185408744448,1.286220588209945,0.6930674033499457
"[-0.018, -0.004999999999999987, 0.035]",,634,324999991,12.556589950847235,-19.635497351233553,8.950753224953287,-0.4849938800048068,1.289346045706191,0.6933393841476605
"[-0.018, -0.004999999999999987, 0.035]",,634,328999991,12.535853637925365,-19.630641832018718,9.063566580695198,-0.48773506347157813,1.2748472193931737,0.6950049554074482
"[-0.018, -0.004999999999999987, 0.035]",,634,333999991,12.634084280578422,-19.603962913744887,8.735814072698687,0.9369283263679365,1.3002626840793456,0.6985184015341963
"[-0.018, -0.004999999999999987, 0.035]",,634,336999991,12.571217128985355,-19.62073260870038,9.068152160389467,-0.4915467074972695,1.2731346261211574,0.6959784812101929
"[-0.018, -0.004999999999999987, 0.035]",,634,340999991,12.662225938108962,-19.6146203820116,8.789010114181265,-0.4914568683159751,1.303619063090082,0.6933660566236972
"[-0.018, -0.004999999999999987, 0.035]",,634,344999991,12.61229365495109,-19.60927753107162,9.277173597166925,-0.49260237235970583,1.2988645539901684,0.6953428238342505
"[-0.018, -0.004999999999999987, 0.035]",,634,348999991,12.69282509265403,-19.602746721593917,8.677261920018395,-0.49442399299641804,1.3193749244782036,0.6930733258088253
"[-0.018, -0.004999999999999987, 0.035]",,634,352999991,12.714719727661254,-19.597048984325372,8.71533245031162,-0.49622269698653887,1.3209470532341046,0.6934805033269736
"[-0.018, -0.004999999999999987, 0.035]",,634,357999991,12.674972166592767,-19.570693801443916,9.241534056439352,0.9255038741752853,1.2880771111277673,0.7033725170369874
"[-0.018, -0.004999999999999987, 0.035]",,634,360999991,12.676083550675013,-19.586497002877103,9.19260653001098,-0.5020918977651071,1.282235067740154,0.6983216110153111
"[-0.018, -0.004999999999999987, 0.035]",,634,364999991,12.751528716698067,-19.579346127472775,9.183032642472497,-0.5014784321621076,1.3158935658158564,0.6961835723956219
"[-0.018, -0.004999999999999987, 0.035]",,634,368999991,12.71446607913621,-19.573676185587132,9.437777474637329,-0.5048585301752836,1.2921536285547237,0.6991450369428471
"[-0.018, -0.004999999999999987, 0.035]",,634,372999991,12.72672056406777,-19.567768592724413,9.544641765283629,-0.5066582631296392,1.2954411705577118,0.6996661341348963
"[-0.018, -0.004999999999999987, 0.035]",,634,376999991,12.746917906186424,-19.56126102295969,9.59924800460007,-0.5080606133402977,1.3018644860421489,0.6997785993508003
"[-0.018, -0.004999999999999987, 0.035]",,634,380999991,12.760501340224666,-19.554672022552122,9.662506866390652,-0.5098251806978376,1.3046748704652367,0.7001195648097377
"[-0.018, -0.004999999999999987, 0.035]",,634,384999991,12.775107309471055,-19.54730542669468,9.699257891298224,-0.5119192185956074,1.3069423957694082,0.7005796272218766
"[-0.018, -0.004999999999999987, 0.035]",,634,388999991,12.790212840719422,-19.53966859460631,9.73527778698346,-0.5140914753243392,1.309390159434757,0.7010576206327734
"[-0.018, -0.004999999999999987, 0.035]",,634,392999991,12.805420046263219,-19.53177953645929,9.771513100130633,-0.5163480265270624,1.3118787300618697,0.7015565391960227
"[-0.018, -0.004999999999999987, 0.035]",,634,396999991,12.820684649432797,-19.523642863500665,9.808059827835919,-0.5186887342063944,1.3143948273718777,0.702077110206947
"[-0.018, -0.004999999999999987, 0.035]",,634,400999991,12.839485344351425,-19.515289137176552,9.845255378583097,-0.5211021697474647,1.3166193912902049,0.7026451253490305
"[-0.018, -0.004999999999999987, 0.035]",,634,404999991,12.867181363119666,-19.504916699975222,9.67396760484849,-0.5255722088063185,1.3120421406495337,0.7035152276976452
"[-0.018, -0.004999999999999987, 0.035]",,634,408999991,12.949444720617482,-19.49457524103886,9.405910030848453,-0.5262625918982913,1.3433469166711092,0.7012670812338582
"[-0.018, -0.004999999999999987, 0.035]",,634,412999991,12.952037750896858,-19.484196696517017,8.964951091208032,-0.5286211649920927,1.3639640728021938,0.7000469313744655
"[-0.018, -0.004999999999999987, 0.035]",,634,416999991,12.9619913013788,-19.454258459590307,9.522121976753281,0.893132037325589,1.345968744354468,0.7088189552875878
"[-0.018, -0.004999999999999987, 0.035]",,634,420999991,12.968599036684914,-19.466189715273526,8.997943322172553,-0.5342408238713109,1.3662684582252878,0.7014603568868015
"[-0.018, -0.004999999999999987, 0.035]",,634,424999991,12.910786492941831,-19.459010243764972,9.767900510844907,-0.5388858804105257,1.3212052699869656,0.7066658317467043
"[-0.018, -0.004999999999999987, 0.035]",,634,428999991,12.982398229077177,-19.448071953908627,9.021182096974975,-0.5398158909275044,1.368922217145157,0.7027873847652724
"[-0.018, -0.004999999999999987, 0.035]",,634,432999991,13.004322293892953,-19.418058549607295,9.5302213863653,0.8819104938076306,1.3516216825691112,0.7113318921980201
"[-0.018, -0.004999999999999987, 0.035]",,634,436999991,12.938530985618351,-19.43165614611973,9.920657672356796,-0.5463016806063846,1.3366476854224008,0.7081794051201145
