insert_pose,secs,nsecs,fx,fy,fz,tx,ty,tz
"[0.01400000000000003, -0.015999999999999997, 0.17]",11042,224001790,-0.09417730306801275,0.4420363508123373,-0.257857817300696,0.03891365941249092,-1.1434565800311935,-0.2825114337513485
"[0.01400000000000003, -0.015999999999999997, 0.17]",11042,228001790,0.006603851913152492,-0.07572886466296502,0.0378813879266211,0.009680026836625277,0.0021103116723872883,0.0009496886302970131
"[0.01400000000000003, -0.015999999999999997, 0.17]",11042,232001790,0.033274775648584054,-0.1602612873970859,0.08748874043914157,1.4486926737953856,0.00741330211977087,0.01828799973777928
"[0.01400000000000003, -0.015999999999999997, 0.17]",11042,236001790,0.038665689105722656,-0.2878698687967365,0.13759215134668423,1.464494144968659,0.011273173950230309,0.021710060891802718
"[0.01400000000000003, -0.015999999999999997, 0.17]",11042,240001790,0.04180697319328841,-0.37007916371661587,0.16992472099333256,1.4745601642280834,0.014204064386354576,0.024951915692462162
"[0.01400000000000003, -0.015999999999999997, 0.17]",11042,244001790,0.044012321035089785,-0.39977580308529603,0.18585676378184957,1.4781425290971422,0.016018130929875474,0.02732974081536199
"[0.01400000000000003, -0.015999999999999997, 0.17]",11042,248001790,0.02667071002490712,-0.40068683886670087,0.18689953476233612,0.049944508329394566,0.014532248488196675,0.013347160805784797
"[0.01400000000000003, -0.015999999999999997, 0.17]",11042,252001790,0.048152210912122295,-0.3321482727770171,0.18172150470063642,1.469867807523258,0.016219913253751717,0.02841602514311578
"[0.01400000000000003, -0.015999999999999997, 0.17]",11042,256001790,0.05035848353464534,-0.26616120055041925,0.1703114895580633,1.4618849446350222,0.015075592995198894,0.02740723989138963
"[0.01400000000000003, -0.015999999999999997, 0.17]",11042,260001790,0.052417529804415164,-0.20115595561128963,0.15825693219698422,1.4540967674359118,0.013691234646844519,0.025839636574738367
"[0.01400000000000003, -0.015999999999999997, 0.17]",11042,264001790,0.05409462180607666,-0.1498269841268538,0.14855939007646768,1.4479814904836057,0.012424386363224516,0.024142811327428182
"[0.01400000000000003, -0.015999999999999997, 0.17]",11042,268001790,0.05508473669674896,-0.11914810480445404,0.14296407559799462,1.444392113608618,0.011687297707066335,0.02265192482014594
"[0.01400000000000003, -0.015999999999999997, 0.17]",11042,272001790,0.05568605675537086,-0.11037748322772423,0.14166402882758078,1.4434282948320383,0.011145312352940362,0.021609423951456513
"[0.01400000000000003, -0.015999999999999997, 0.17]",11042,276001790,0.05582957472202771,-0.12012608286038073,0.14413602891266564,1.4446874721010325,0.0110737730148045,0.02111020551133652
"[0.01400000000000003, -0.015999999999999997, 0.17]",11042,280001790,0.03564361583493214,-0.17709984297585102,0.14998873581753358,0.02342190482831441,0.009352448848340966,0.005950979408813339
"[0.01400000000000003, -0.015999999999999997, 0.17]",11042,284001790,0.05510638911776211,-0.16929563439105877,0.15498360056642824,1.4507280534702987,0.011836421858051782,0.021472990299433836
"[0.01400000000000003, -0.015999999999999997, 0.17]",11042,288001790,0.05457063542971119,-0.19479810776478956,0.16053520759953344,1.4538155461983107,0.012548704093733543,0.022051982225354372
"[0.01400000000000003, -0.015999999999999997, 0.17]",11042,292001790,0.053885617991219215,-0.21398090415132742,0.16464810522296602,1.4560917380698049,0.013103904037474079,0.02266787292810471
"[0.01400000000000003, -0.015999999999999997, 0.17]",11042,296001790,0.053573882039262444,-0.22433104320961306,0.1668142411080531,1.4573015810057548,0.01343940419432399,0.023188813984507145
"[0.01400000000000003, -0.015999999999999997, 0.17]",11042,300001790,0.05345146898825798,-0.22598215449217207,0.1671200235065946,1.457464947633096,0.013590453763238086,0.023528832327549737
"[0.01400000000000003, -0.015999999999999997, 0.17]",11042,305001790,0.0336997829894351,-0.24683215797297464,0.16493833420402382,0.031713725022388006,0.011431406188309623,0.00843823887358236
"[0.01400000000000003, -0.015999999999999997, 0.17]",11042,309001790,0.053775040531145124,-0.2054621043592295,0.16267688650300727,1.4549657116729477,0.013291240463340515,0.023505287939649594
"[0.01400000000000003, -0.015999999999999997, 0.17]",11042,312001790,0.05382679227297893,-0.1999295649531465,0.16153578295131865,1.4543045842004099,0.01325183452504941,0.023399538715533713
"[0.01400000000000003, -0.015999999999999997, 0.17]",11042,316001790,0.05396450039479894,-0.19004870031380072,0.15947835035197855,1.4531224508985146,0.013108370391829771,0.023134625857893
"[0.01400000000000003, -0.015999999999999997, 0.17]",11042,320001790,0.03435648962048865,-0.21015623200004185,0.1572041657854477,0.027338156654178825,0.01077748588825389,0.0076009697915313534
"[0.01400000000000003, -0.015999999999999997, 0.17]",11042,324001790,0.0542808248390666,-0.1796131112397923,0.1572774128169918,1.4518941662078366,0.012784305725184408,0.022673615443054518
"[0.01400000000000003, -0.015999999999999997, 0.17]",11042,328001790,0.05432551362027249,-0.17966030835286517,0.15728902023133884,1.4519075110477448,0.012721621482255419,0.02254332190168462
"[0.01400000000000003, -0.015999999999999997, 0.17]",11042,332001790,0.0542927804652959,-0.1823485481440894,0.15785858720895973,1.4522552389971,0.012725628688744495,0.022493282038530987
"[0.01400000000000003, -0.015999999999999997, 0.17]",11042,336001790,0.03643915080210658,-0.2163171650979674,0.15482539228169045,0.026056332364213564,0.009826903630414163,0.004462686630917728
"[0.01400000000000003, -0.015999999999999997, 0.17]",11042,340001790,0.055658249908932256,-0.19132543404916724,0.15702571364214535,1.4518361186244166,0.012013532993477405,0.020495649279011707
"[0.01400000000000003, -0.015999999999999997, 0.17]",11042,344001790,0.03487589532133972,-0.22402290624929044,0.15863508139683447,0.028200572544050617,0.010359082858262703,0.00627949703285588
"[0.01400000000000003, -0.015999999999999997, 0.17]",11042,348001790,0.05426782591042051,-0.19736061110412173,0.16002843088644525,1.453470769205784,0.012705809761744735,0.021908382286859956
"[0.01400000000000003, -0.015999999999999997, 0.17]",11042,352001790,0.05377445787776636,-0.19830825354698334,0.16072771201001856,1.4538227133340629,0.013013186156701773,0.02229041653616126
"[0.01400000000000003, -0.015999999999999997, 0.17]",11042,356001790,0.0533650664493277,-0.19795536071543118,0.16101497328093117,1.4539287949274955,0.01329596676320044,0.022524178033089426
"[0.01400000000000003, -0.015999999999999997, 0.17]",11042,360001790,0.05303100738145078,-0.19664093160933405,0.16101672626878027,1.4538699804767348,0.01355593231450869,0.022660165363143442
"[0.01400000000000003, -0.015999999999999997, 0.17]",11042,364001790,0.052741655823926425,-0.19485342585765686,0.16086273614390123,1.4537230680335924,0.013799233111986942,0.022721845187187284
"[0.01400000000000003, -0.015999999999999997, 0.17]",11042,368001790,0.05248617558484714,-0.19304516296779184,0.16066986936396077,1.4535535777763928,0.014031979039481168,0.022741111725944507
"[0.01400000000000003, -0.015999999999999997, 0.17]",11042,372001790,0.05224801351892,-0.19159011628716804,0.16052079301402955,1.453413086349255,0.014248390087572504,0.022730934715864293
"[0.01400000000000003, -0.015999999999999997, 0.17]",11042,376001790,0.052115893250956946,-0.19071692970446463,0.16041615051793912,1.4533267214997925,0.014351865935428032,0.0227062642595105
"[0.01400000000000003, -0.015999999999999997, 0.17]",11042,380001790,0.03228570541265846,-0.2188070073624413,0.15982637225489427,0.028492420045575617,0.012224116993958978,0.0074694350519806385
"[0.01400000000000003, -0.015999999999999997, 0.17]",11042,384001790,0.05212407897445859,-0.19071179017728213,0.16040642687787354,1.4533333477279429,0.014315114325225364,0.022685772706640156
"[0.01400000000000003, -0.015999999999999997, 0.17]",11042,388001790,0.052117956159652645,-0.19131320563947796,0.1605207654104639,1.4534039154977143,0.014312564483550894,0.022689883638624703
"[0.01400000000000003, -0.015999999999999997, 0.17]",11042,392001790,0.052109682651084954,-0.19206356727043072,0.16066060443811025,1.4534901146860209,0.014317453623377219,0.02270111048164644
"[0.01400000000000003, -0.015999999999999997, 0.17]",11042,396001790,0.05209774362593739,-0.19278256708517283,0.16079396236354526,1.4535705255752662,0.014322179643876387,0.022717488599003993
"[0.01400000000000003, -0.015999999999999997, 0.17]",11042,400001790,0.0520885811826044,-0.19333648613756083,0.1608900942471152,1.453629807292402,0.014325518794149339,0.02273385755225682
"[0.01400000000000003, -0.015999999999999997, 0.17]",11042,404001790,0.052082783451540715,-0.19365835824413757,0.16093688347766033,1.4536605270389789,0.014324060568530639,0.022747710018897194
"[0.01400000000000003, -0.015999999999999997, 0.17]",11042,408001790,0.03224720834474076,-0.2220576433609054,0.16038499691721952,0.0288461372165687,0.012217847135916449,0.007536045991178658
"[0.01400000000000003, -0.015999999999999997, 0.17]",11042,412001790,0.05209073714583495,-0.19362695094003435,0.16088254419556236,1.4536397001801549,0.014309157965538777,0.02275585306882777
"[0.01400000000000003, -0.015999999999999997, 0.17]",11042,416001790,0.052100700092123975,-0.1933862945791205,0.1608081673440509,1.453602465679139,0.014295553782078141,0.022751482703965653
"[0.01400000000000003, -0.015999999999999997, 0.17]",11042,420001790,0.05211514049769994,-0.19310020208345868,0.16072198488323508,1.4535603880411727,0.014282001460282912,0.0227420669692589
"[0.01400000000000003, -0.015999999999999997, 0.17]",11042,424001790,0.052125833434725766,-0.19284022909493537,0.1606461764587266,1.4535229784539412,0.014265229211895214,0.02273214187308034
"[0.01400000000000003, -0.015999999999999997, 0.17]",11042,428001790,0.05213916624910264,-0.1925970596438411,0.16056568571878316,1.4534905990611087,0.014242822765561769,0.022717183528322
"[0.01400000000000003, -0.015999999999999997, 0.17]",11042,432001790,0.0521425908704628,-0.19256580671583556,0.16054987684093902,1.4534859532902416,0.014236127951290367,0.022713133421789905
"[0.01400000000000003, -0.015999999999999997, 0.17]",11042,436001790,0.052148009653490535,-0.1925791872453484,0.1605350917002859,1.453486014022193,0.01422417593580505,0.022706678612855885
"[0.01400000000000003, -0.015999999999999997, 0.17]",11042,440001790,0.03231447801049747,-0.22102109813031667,0.15999847246541066,0.028685547086045426,0.012114158666342911,0.007481039562850039
"[0.01400000000000003, -0.015999999999999997, 0.17]",11042,444001790,0.052155122003110566,-0.1927897267598393,0.16054138165667453,1.4535073772417488,0.014207976255486976,0.022698305151830106
"[0.01400000000000003, -0.015999999999999997, 0.17]",11042,448001790,0.05215817071923812,-0.19292384936193585,0.1605506975863733,1.453521521664042,0.01420121203022684,0.022696397059443207
"[0.01400000000000003, -0.015999999999999997, 0.17]",11042,452001790,0.05217332535818686,-0.19303983324302543,0.16055492370572466,1.4535341093718221,0.014195394105478654,0.022693458588879972
"[0.01400000000000003, -0.015999999999999997, 0.17]",11042,456001790,0.052174268650111266,-0.19312130589457688,0.16055392873341034,1.453541416967267,0.014188790918480132,0.02269285880538366
"[0.01400000000000003, -0.015999999999999997, 0.17]",11042,460001790,0.032336901834624565,-0.22149494679516835,0.16000413221772547,0.028732099662199362,0.012079930410912265,0.007471743853634555
"[0.01400000000000003, -0.015999999999999997, 0.17]",11042,464001790,0.05217555017037334,-0.19316728547257256,0.1605245345225761,1.4535431221988717,0.01417247790175069,0.022689328128918856
"[0.01400000000000003, -0.015999999999999997, 0.17]",11042,468001790,0.052169543299896204,-0.19314752365462873,0.16049460857073328,1.4535406974419867,0.014161860387936098,0.022685921401581183
"[0.01400000000000003, -0.015999999999999997, 0.17]",11042,472001790,0.052176723189175545,-0.19311272626278075,0.16047094546911467,1.4535343253959143,0.014153671697510806,0.02268040940164387
"[0.01400000000000003, -0.015999999999999997, 0.17]",11042,476001790,0.052183304033021294,-0.19307553676775946,0.1604470204293058,1.4535280061921099,0.014145388909551304,0.022674185168347988
"[0.01400000000000003, -0.015999999999999997, 0.17]",11042,480001790,0.052189309301157394,-0.19304579254333376,0.1604249294053055,1.4535228256283574,0.014137194603217829,0.02266773723277432
"[0.01400000000000003, -0.015999999999999997, 0.17]",11042,484001790,0.05215653527299918,-0.19302739294527171,0.16040229859521205,1.4535190534540237,0.014133940380795185,0.022661859534708867
"[0.01400000000000003, -0.015999999999999997, 0.17]",11042,488001790,0.052156034225307624,-0.19302525089193878,0.1603886504687999,1.4535153204767486,0.014129046692441305,0.02265608462859156
"[0.01400000000000003, -0.015999999999999997, 0.17]",11042,492001790,0.05215604449421046,-0.1930362873344933,0.1603778719583424,1.4535133998135534,0.014124974063332463,0.022650600816076172
"[0.01400000000000003, -0.015999999999999997, 0.17]",11042,496001790,0.05215631971360507,-0.1930567362114317,0.16036919990336784,1.4535127556309253,0.014121551709015412,0.02264547256587615
"[0.01400000000000003, -0.015999999999999997, 0.17]",11042,500001790,0.052182641839252475,-0.19308402935219604,0.16042011873159723,1.4535141921488743,0.01411904210165349,0.02264042303141492
"[0.01400000000000003, -0.015999999999999997, 0.17]",11042,504001790,0.05219134748444221,-0.1930619818142656,0.16041657868948178,1.4535035874407036,0.014112402449650396,0.022635826983608026
"[0.01400000000000003, -0.015999999999999997, 0.17]",11042,508001790,0.052196037964579056,-0.19303445722804113,0.1604019455771386,1.453499470184509,0.01410555788100587,0.02263375840772605
"[0.01400000000000003, -0.015999999999999997, 0.17]",11042,512001790,0.03236448830183608,-0.2213475010603112,0.15984688807859726,0.028684113962763824,0.011997495571737238,0.007412407012539285
"[0.01400000000000003, -0.015999999999999997, 0.17]",11042,516001790,0.03236820584585942,-0.2213512799391033,0.1598362679327181,0.028683492567883828,0.01199133672742203,0.007411101565317879
"[0.01400000000000003, -0.015999999999999997, 0.17]",11042,520001790,0.05220756127150461,-0.19303359759573802,0.16036839020800286,1.453496193310893,0.014086814937382508,0.022629590189416876
"[0.01400000000000003, -0.015999999999999997, 0.17]",11042,524001790,0.05221071752309392,-0.1930540763685613,0.16036041778265187,1.453497504851194,0.014081167729055544,0.022628870613300822
"[0.01400000000000003, -0.015999999999999997, 0.17]",11042,528001790,0.0522137066440978,-0.19307786182532638,0.1603528482445462,1.453499178680615,0.014075684227160323,0.022628389299086282
"[0.01400000000000003, -0.015999999999999997, 0.17]",11042,532001790,0.052745033394194174,-0.19202707659230356,1.2954397255656112,1.4520708291784712,0.014082129243041086,0.023212440492096253
"[0.01400000000000003, -0.015999999999999997, 0.17]",11042,536001790,0.06302129487567676,-0.18005749527724646,2.660861370869867,1.4491471470830937,0.01610379092783165,0.02970307928844268
"[0.01400000000000003, -0.015999999999999997, 0.17]",11042,540001790,0.049414203198387074,-0.1962705213474294,0.5443686746590544,1.4535719657585406,0.01372986150879707,0.02072896698774665
"[0.01400000000000003, -0.015999999999999997, 0.17]",11042,544001790,0.06356194108779284,-0.17944523278330493,1.9531430173961333,1.4500168375692217,0.016176204392213123,0.030117472334662693
"[0.01400000000000003, -0.015999999999999997, 0.17]",11042,548001790,0.025762980860291718,-0.22874056280171473,-1.1988100375766102,0.03142411824706093,0.01080341393017159,0.003402012181833919
"[0.01400000000000003, -0.015999999999999997, 0.17]",11042,552001790,0.061126329894197695,-0.18269176792182407,1.5926965888848166,1.4510358751359738,0.01589501411648686,0.028321720560557234
"[0.01400000000000003, -0.015999999999999997, 0.17]",11042,556001790,0.05068693840737343,-0.19438110825740473,0.06967779251296591,1.4542438697672948,0.013850829399783882,0.021933061935324877
"[0.01400000000000003, -0.015999999999999997, 0.17]",11042,560001790,0.05652348957619785,-0.1873198712148625,1.3772210806455263,1.4520208179187253,0.014888337890181624,0.025753812667374643
"[0.01400000000000003, -0.015999999999999997, 0.17]",11042,564001790,0.07008993430418131,-0.17115894263509723,2.992315672216453,1.4483418922062439,0.01723424735372836,0.03464930363780053
"[0.01400000000000003, -0.015999999999999997, 0.17]",11042,568001790,0.054093842772218514,-0.1892769436750097,1.4800572354074681,1.4522854875128413,0.014085033091352894,0.024723263967553116
"[0.01400000000000003, -0.015999999999999997, 0.17]",11042,572001790,0.04003248184331826,-0.20584503777506669,-1.418534443152712,1.4577081674362797,0.011693847887091602,0.015490813366109163
"[0.01400000000000003, -0.015999999999999997, 0.17]",11042,576001790,0.045288655614412865,-0.19993407922235562,-1.2539169455131294,1.4569258788160315,0.012706806532625459,0.018695319829826806
"[0.01400000000000003, -0.015999999999999997, 0.17]",11042,580001790,0.045798946103762395,-0.19892196772979887,0.11578018615240282,1.4553206008399968,0.012674102776968788,0.0192428558276809
"[0.01400000000000003, -0.015999999999999997, 0.17]",11042,584001790,0.05125172529901767,-0.19266316816150564,0.13251479416205214,1.4546732658749122,0.013723034829092207,0.02264409230321915
"[0.01400000000000003, -0.015999999999999997, 0.17]",11042,588001790,0.040556343079887924,-0.2047806792788318,-1.3822979119044767,1.4579290631033537,0.011643214030493176,0.016051424860380553
"[0.01400000000000003, -0.015999999999999997, 0.17]",11042,592001790,0.06191760826685244,-0.18046205802594528,1.696162581102989,1.451652004300196,0.0157242856607136,0.02936126786312468
"[0.01400000000000003, -0.015999999999999997, 0.17]",11042,596001790,0.03919501521788166,-0.20651089626130847,-1.388783922883082,1.4583562858246535,0.011442435447932775,0.015106043234566685
"[0.01400000000000003, -0.015999999999999997, 0.17]",11042,600001790,0.038972448317990904,-0.20667282987693625,-1.4862142375777623,1.458600477899335,0.011401866976654906,0.015016699580575693
"[0.01400000000000003, -0.015999999999999997, 0.17]",11042,604001790,0.05699389260420423,-0.1855699235817152,1.3887752448573067,1.4529183588850216,0.014656115811785275,0.02660954214325842
"[0.01400000000000003, -0.015999999999999997, 0.17]",11042,608001790,0.051035020125364206,-0.19255621722702898,-0.05206454336830646,1.455511715899913,0.013563660946717349,0.022794489642431498
"[0.01400000000000003, -0.015999999999999997, 0.17]",11042,612001790,0.055777932402145736,-0.1870574314728568,1.2972982341914125,1.4534464119982053,0.014470979360158731,0.025761589062488488
"[0.01400000000000003, -0.015999999999999997, 0.17]",11042,616001790,0.029684296904001484,-0.2224319516016866,-0.2103894935785391,0.03138435749707158,0.011246592388475696,0.006624073423349752
"[0.01400000000000003, -0.015999999999999997, 0.17]",11042,620001790,0.029641467913021524,-0.22237711648131686,-0.20677191006009465,0.031496557023802385,0.01121175047627676,0.0066416551398595924
"[0.01400000000000003, -0.015999999999999997, 0.17]",11042,624001790,0.04937271111046598,-0.19412405806368938,-0.2310311726168841,1.4564169642904525,0.013281104267325317,0.021803478440267254
"[0.01400000000000003, -0.015999999999999997, 0.17]",11042,628001790,0.05556288830106337,-0.1866969858909986,1.1798936382675436,1.4540405966153567,0.01434161112886101,0.02585891720955169
"[0.01400000000000003, -0.015999999999999997, 0.17]",11042,632001790,0.05699338530896497,-0.18476147169400647,1.2109362959522123,1.4538801460433604,0.014464501094984428,0.02695442429832995
"[0.01400000000000003, -0.015999999999999997, 0.17]",11042,636001790,0.024257967308017492,-0.2281144446830634,-1.5471898928424856,0.03420129269830685,0.010081334496049976,0.003458318995318399
"[0.01400000000000003, -0.015999999999999997, 0.17]",11042,640001790,0.057198145457896477,-0.18435942064263955,1.451085957576673,1.4537815769831193,0.014408481880372248,0.027181268902333244
"[0.01400000000000003, -0.015999999999999997, 0.17]",11042,644001790,0.04876997978208142,-0.19432326822424706,-0.13687250226624315,1.4569411831874934,0.01305178593109324,0.021581317373592923
"[0.01400000000000003, -0.015999999999999997, 0.17]",11042,648001790,0.04420664349356229,-0.1995065606267552,-1.4328213710964413,1.4591296686084265,0.012100896092495095,0.018808907787197016
"[0.01400000000000003, -0.015999999999999997, 0.17]",11042,652001790,0.054741850783989965,-0.18738935089106867,-0.0630627053919035,1.4562627622359465,0.014118483365652468,0.02537201805654188
"[0.01400000000000003, -0.015999999999999997, 0.17]",11042,656001790,0.053963980323637806,-0.188287324123257,-0.08371862491563675,1.4565259592340902,0.014007046486163022,0.024865373114183714
"[0.01400000000000003, -0.015999999999999997, 0.17]",11042,661001790,0.023733227591688444,-0.22824067575500528,-1.4946909007246099,0.03486025400722559,0.009839714431221003,0.003367932585990885
"[0.01400000000000003, -0.015999999999999997, 0.17]",11042,664001790,0.04503433608666191,-0.1979363924397326,-0.04950410744192979,1.4578098092275065,0.01201187143637994,0.01973121148058396
"[0.01400000000000003, -0.015999999999999997, 0.17]",11042,668001790,0.023625930550133845,-0.22829167520535698,-1.3736769660941697,0.034939693443833963,0.009758303719324735,0.0033470066537207854
"[0.01400000000000003, -0.015999999999999997, 0.17]",11042,672001790,0.05031640787372432,-0.19183356576146338,0.17751267196714693,1.4570403829180982,0.012997771841458894,0.023031513701597228
"[0.01400000000000003, -0.015999999999999997, 0.17]",11042,677001790,0.022653489192438925,-0.22947909736163474,-1.2405110319594463,0.03513055552923583,0.009580192115183683,0.0026526931277385535
"[0.01400000000000003, -0.015999999999999997, 0.17]",11042,680001790,0.02339086745173774,-0.22838561545566805,-1.2498854814388345,0.03509766435353057,0.009635451194835998,0.0032498364960846515
"[0.01400000000000003, -0.015999999999999997, 0.17]",11042,684001790,0.048613990215499114,-0.19374621232507927,0.14213226050103955,1.4576223299083981,0.012727324432089793,0.021863620702484404
"[0.01400000000000003, -0.015999999999999997, 0.17]",11042,688001790,0.03903503419527854,-0.2043672137320467,-1.3760389278615754,1.4606928377610422,0.010770786459010973,0.01612852405602752
"[0.01400000000000003, -0.015999999999999997, 0.17]",11042,692001790,0.04530361131004701,-0.19689191398303763,0.04771621494043288,1.4582725337538622,0.011845674408005102,0.020240098023092568
"[0.01400000000000003, -0.015999999999999997, 0.17]",11042,696001790,0.04811602104432383,-0.1940514328198386,-0.0378374379383537,1.4581925216940057,0.012610307693251777,0.021673214696713322
"[0.01400000000000003, -0.015999999999999997, 0.17]",11042,700001790,0.04966850902397152,-0.1920150279482158,0.03217298955124548,1.4579542739289217,0.012751092375733686,0.022865362168312253
"[0.01400000000000003, -0.015999999999999997, 0.17]",11042,704001790,0.024614278940168988,-0.226249515854267,-1.3011422370816845,0.03552043766528601,0.00962106930155282,0.004490670427391319
"[0.01400000000000003, -0.015999999999999997, 0.17]",11042,708001790,0.04690210632698433,-0.19551709082370472,-0.020889112070793914,1.4586817939786219,0.012389848149902738,0.020850431964435645
"[0.01400000000000003, -0.015999999999999997, 0.17]",11042,712001790,0.059778010526781555,-0.18033160493754252,1.4565481740693471,1.455282644309781,0.014663043513118978,0.029154722382903814
"[0.01400000000000003, -0.015999999999999997, 0.17]",11042,716001790,0.05527802806800686,-0.1853634337609087,0.2446315034173523,1.4573460903183166,0.013720779113558068,0.026470311689253456
"[0.01400000000000003, -0.015999999999999997, 0.17]",11042,720001790,0.03701488873939274,-0.20627750839167724,-1.4340140831894104,1.4618653672972113,0.010336237325180297,0.014989678046331473
"[0.01400000000000003, -0.015999999999999997, 0.17]",11042,724001790,0.05487521642259252,-0.1857189390001306,0.274726615970188,1.4575577926421746,0.013616066890949075,0.026221500425885808
"[0.01400000000000003, -0.015999999999999997, 0.17]",11042,728001790,0.04823946274729157,-0.19307118358076458,0.011571398155734158,1.4588566145287172,0.01240363665188915,0.022125318367987257
"[0.01400000000000003, -0.015999999999999997, 0.17]",11042,732001790,0.043593842844213415,-0.1980603053207357,-0.074272084948106,1.4596414498230825,0.011396840943369568,0.019455130295915307
"[0.01400000000000003, -0.015999999999999997, 0.17]",11042,736001790,0.050241383588241095,-0.19032750908020724,0.02033681927543185,1.4587140947916022,0.012572106497303892,0.023712371152192546
"[0.01400000000000003, -0.015999999999999997, 0.17]",11042,740001790,0.022620048559733652,-0.22790195235546484,-1.4337950471323424,0.03686612803938716,0.009162050933431143,0.003444186924732251
"[0.01400000000000003, -0.015999999999999997, 0.17]",11042,744001790,0.04578779760064261,-0.19630385576798837,-1.3788050438773602,1.4613076354332168,0.012084420309670385,0.02031806037677797
"[0.01400000000000003, -0.015999999999999997, 0.17]",11042,748001790,0.04199065137361463,-0.20011210410052982,-1.4530138373584158,1.4619264286910745,0.011171496927652846,0.018298117044708906
"[0.01400000000000003, -0.015999999999999997, 0.17]",11042,752001790,0.022829773749993842,-0.22749966863609217,-1.2725009555230393,0.036944132255526396,0.009086610969526898,0.0036931028779324804
"[0.01400000000000003, -0.015999999999999997, 0.17]",11042,756001790,0.047636697740887635,-0.1934613046059468,0.12559686517976942,1.4595295480161723,0.012131300846417226,0.021915233045275068
"[0.01400000000000003, -0.015999999999999997, 0.17]",11042,760001790,0.03248458840090285,-0.21609389993595585,1.4032822564362242,0.032768328179549666,0.010922710441555017,0.009764821507114108
"[0.01400000000000003, -0.015999999999999997, 0.17]",11042,764001790,0.04826312308838365,-0.1921874132793313,-0.06539969017468295,1.4598114847893013,0.012165170446043927,0.022555624747188335
"[0.01400000000000003, -0.015999999999999997, 0.17]",11042,768001790,0.05282500747496416,-0.18727767140669194,0.027221155646767414,1.4592479739347004,0.013105390851243293,0.025213390157824783
"[0.01400000000000003, -0.015999999999999997, 0.17]",11042,772001790,0.04860865287442878,-0.19173062269883978,0.07525374293459564,1.4598035451023057,0.012137529050981533,0.022865378977737605
"[0.01400000000000003, -0.015999999999999997, 0.17]",11042,776001790,0.03303655378571552,-0.20930611288511436,-1.332782912402191,1.4635711594716774,0.009032903781253987,0.013380958831329365
"[0.01400000000000003, -0.015999999999999997, 0.17]",11042,780001790,0.046096589234535856,-0.19460947454953548,-0.1498944446250512,1.4606575503340449,0.011821532638939702,0.02113296182305635
"[0.01400000000000003, -0.015999999999999997, 0.17]",11042,784001790,0.0423357780835264,-0.19876785697779198,-1.4414364007137124,1.462710195424659,0.010963511051397257,0.018981808910443904
"[0.01400000000000003, -0.015999999999999997, 0.17]",11042,788001790,0.04613079962527433,-0.19435380745737518,-0.22021234930469902,1.4609427859660928,0.011777614990361007,0.02128215303332931
"[0.01400000000000003, -0.015999999999999997, 0.17]",11042,792001790,0.020840076320313983,-0.22873970283852962,-1.6900951172917402,0.03873635165023881,0.00862830405755921,0.00285231162054142
"[0.01400000000000003, -0.015999999999999997, 0.17]",11042,796001790,0.03550241070039578,-0.20624571683375947,-1.7176673968850515,1.4643141053057451,0.009674230917990467,0.01487448201652547
"[0.01400000000000003, -0.015999999999999997, 0.17]",11042,800001790,0.04645045346865101,-0.193620478094644,-0.2888571537190039,1.461313257297011,0.011731255250656325,0.021697287045110925
"[0.01400000000000003, -0.015999999999999997, 0.17]",11042,804001790,0.04868148385167459,-0.19085394421866297,-0.019562817822059486,1.4607502257988687,0.011922812372162639,0.023317819173471505
"[0.01400000000000003, -0.015999999999999997, 0.17]",11042,808001790,0.04178293191925753,-0.19895644806728185,-1.356034906202595,1.4633637693532802,0.010715820840366597,0.01884184896789662
"[0.01400000000000003, -0.015999999999999997, 0.17]",11042,812001790,0.0596475219244581,-0.1780854658185973,1.7263164146139118,1.4574391449658286,0.013931282359955333,0.030175809081211064
"[0.01400000000000003, -0.015999999999999997, 0.17]",11042,816001790,0.041440937737655226,-0.19918249911127361,-1.23040118917028,1.4634417376265094,0.010606570691628292,0.01863368687023484
"[0.01400000000000003, -0.015999999999999997, 0.17]",11042,820001790,0.04988508625181526,-0.1886343431011035,1.6567160237426641,1.4589366698634905,0.011851287594351279,0.024456847132359377
"[0.01400000000000003, -0.015999999999999997, 0.17]",11042,825001790,0.02584293350058786,-0.22272237975253972,-1.1583669024275558,0.038249320843032786,0.009366395859261134,0.006033472272853335
"[0.01400000000000003, -0.015999999999999997, 0.17]",11042,828001790,0.04044676089259536,-0.20032146044684573,-1.190739270410404,1.4638228029255203,0.010412024695049205,0.017984543840651818
"[0.01400000000000003, -0.015999999999999997, 0.17]",11042,832001790,0.03758990891684494,-0.2026345315831506,0.030861636793982683,1.4627631467656947,0.009551306643759583,0.016831289470169042
"[0.01400000000000003, -0.015999999999999997, 0.17]",11042,836001790,0.02756097884167119,-0.22002833908659092,0.073279671123057,0.036798129494475695,0.009431921888807482,0.007603281769889059
"[0.01400000000000003, -0.015999999999999997, 0.17]",11042,840001790,0.04760336094799483,-0.19146847448957516,0.09860216252250709,1.4615834560502918,0.011551649984304024,0.022883099070247243
"[0.01400000000000003, -0.015999999999999997, 0.17]",11042,844001790,0.0475186908630697,-0.1915432852601402,0.12154873834110091,1.4616678914898813,0.011514801822410492,0.022854788158268996
"[0.01400000000000003, -0.015999999999999997, 0.17]",11042,848001790,0.054711859645568905,-0.18277347186000448,1.5492397349334475,1.459075480977901,0.012693412904417611,0.027651569037797086
"[0.01400000000000003, -0.015999999999999997, 0.17]",11042,852001790,0.05795631981898286,-0.17943468306672195,1.5792719387459222,1.458782190871973,0.013494410793253975,0.029354715460573638
"[0.01400000000000003, -0.015999999999999997, 0.17]",11042,856001790,0.05491973655873772,-0.1822914897045269,1.5988599267219143,1.4591620687803288,0.012659597520854993,0.027888992180782612
"[0.01400000000000003, -0.015999999999999997, 0.17]",11042,860001790,0.05889327017209239,-0.17795997191743673,1.6243963435391997,1.458743583182719,0.013542007696330627,0.030138413124093544
"[0.01400000000000003, -0.015999999999999997, 0.17]",11042,864001790,0.021259319085149386,-0.22684547017935408,-1.2915381690909271,0.039895422409196524,0.008137019710040994,0.003843655997219003
"[0.01400000000000003, -0.015999999999999997, 0.17]",11042,868001790,0.05018724914670514,-0.18844742702164474,0.12486563703889075,1.461951728809709,0.012115373528242879,0.02431201212120998
"[0.01400000000000003, -0.015999999999999997, 0.17]",11042,872001790,0.05289960280059236,-0.1843868801141486,1.4262847154855969,1.4600571256512547,0.01233846050767795,0.026579903237507946
"[0.01400000000000003, -0.015999999999999997, 0.17]",11042,876001790,0.0411153639313962,-0.19777294480018526,-0.2795025450839681,1.4637379680794769,0.010151465853114994,0.019290374593556064
"[0.01400000000000003, -0.015999999999999997, 0.17]",11042,880001790,0.04837447688114427,-0.18937719627012228,-0.11438682773286146,1.4626428488114094,0.011386485867808105,0.02394390342990213
"[0.01400000000000003, -0.015999999999999997, 0.17]",11042,884001790,0.03531695450634298,-0.2046184780067417,-1.5571199497657489,1.4662469429526719,0.00903444618182525,0.01565450806621252
"[0.01400000000000003, -0.015999999999999997, 0.17]",11042,888001790,0.045139406414302474,-0.19338346563639064,-0.18361474820092383,1.4634825697580895,0.010973713328006562,0.02164817873920369
"[0.01400000000000003, -0.015999999999999997, 0.17]",11042,892001790,0.0542880402363648,-0.18218495689088954,1.3490436252068925,1.4604640285680663,0.012354918751883881,0.027844763906934855
"[0.01400000000000003, -0.015999999999999997, 0.17]",11042,896001790,0.04640556231349252,-0.19149331078259912,-0.19140992155372416,1.4634928072732012,0.011055353917576394,0.022691668848836277
"[0.01400000000000003, -0.015999999999999997, 0.17]",11042,900001790,0.04688243522075969,-0.19089766979642064,-0.06875474094585954,1.4633876008616846,0.011065759139312625,0.023047577294796256
"[0.01400000000000003, -0.015999999999999997, 0.17]",11042,904001790,0.052206800589265856,-0.18482737614026234,0.15050950798214657,1.4625223600659014,0.012084274441871212,0.02630668604228112
"[0.01400000000000003, -0.015999999999999997, 0.17]",11042,908001790,0.046854646659808485,-0.19084407174011808,0.26901284346936194,1.4631895208825765,0.0109768280454412,0.02306267585436736
"[0.01400000000000003, -0.015999999999999997, 0.17]",11042,912001790,0.04414214071743344,-0.1943249925051873,-1.1535288186057748,1.4653626611662172,0.010834667109019591,0.021016654708755744
"[0.01400000000000003, -0.015999999999999997, 0.17]",11042,916001790,0.0385672259276465,-0.2003938978479365,-1.2048876970829134,1.4662406694302834,0.009816903934399823,0.017720659325817567
"[0.01400000000000003, -0.015999999999999997, 0.17]",11042,920001790,0.04617503805989881,-0.19115442145047723,0.28658711783254986,1.4634980198200163,0.01100680118337194,0.02279048603599676
"[0.01400000000000003, -0.015999999999999997, 0.17]",11042,924001790,0.02013238158543562,-0.2266513694863317,-1.1636700534610753,0.04137353559349766,0.007794494259301565,0.0038252498386452116
"[0.01400000000000003, -0.015999999999999997, 0.17]",11042,928001790,0.04641876223283148,-0.19076120374715444,0.33047180479831795,1.463577579753739,0.010981692019212286,0.023048310886955248
"[0.01400000000000003, -0.015999999999999997, 0.17]",11042,932001790,0.04040704615539886,-0.19751303992894798,0.13479602109706335,1.4647097964153233,0.00983556282627629,0.0193823782117018
"[0.01400000000000003, -0.015999999999999997, 0.17]",11042,936001790,0.03576444840478932,-0.2027128837392258,-1.2684497341496908,1.4670155718348454,0.008922795887065238,0.016628465635214668
"[0.01400000000000003, -0.015999999999999997, 0.17]",11042,940001790,0.05119346666504626,-0.18531792371675948,0.27017041984816714,1.4632928604850002,0.011916537070444155,0.025976876984141944
"[0.01400000000000003, -0.015999999999999997, 0.17]",11042,944001790,0.039707066762870113,-0.1984968061747967,-1.1655178635881107,1.4666013489695429,0.009771370310560412,0.018862933344762994
"[0.01400000000000003, -0.015999999999999997, 0.17]",11042,948001790,0.058262206725950394,-0.176642627170283,1.750804880892229,1.4607325742589996,0.013024724673678767,0.03069482355299971
"[0.01400000000000003, -0.015999999999999997, 0.17]",11042,952001790,0.05191767596893765,-0.18389078984098184,1.5856998068302026,1.4618979030019617,0.01183258156065814,0.026737554678499087
"[0.01400000000000003, -0.015999999999999997, 0.17]",11042,956001790,0.03955370065797026,-0.19825626975676514,-1.3231489248409112,1.4670556258141907,0.009693975707617986,0.018913840644398272
"[0.01400000000000003, -0.015999999999999997, 0.17]",11042,960001790,0.04991724058811969,-0.1865184669264064,0.22216128294659399,1.463993444934254,0.011653188367177991,0.025224026991818943
"[0.01400000000000003, -0.015999999999999997, 0.17]",11042,964001790,0.06360851677214996,-0.17023513330565443,3.1418881648483996,1.4587698478895268,0.013796934805609284,0.034095522347127066
"[0.01400000000000003, -0.015999999999999997, 0.17]",11042,968001790,0.04556514164168901,-0.19106401211521806,0.07802566096977515,1.4648816075912934,0.01051232450866757,0.022772481654435794
"[0.01400000000000003, -0.015999999999999997, 0.17]",11042,972001790,0.04688387368616431,-0.1893221065696178,0.12054473743942751,1.4647078230825679,0.010620143541291371,0.02377329496018976
"[0.01400000000000003, -0.015999999999999997, 0.17]",11042,976001790,0.0478380007893186,-0.1879020560334439,1.5226431746170164,1.4630259816095954,0.010585113182357553,0.0245954619696723
"[0.01400000000000003, -0.015999999999999997, 0.17]",11042,980001791,0.05180290946442556,-0.18355944532506818,1.4350314012250003,1.4627397450906763,0.011477872397598343,0.026845823767817106
"[0.01400000000000003, -0.015999999999999997, 0.17]",11042,984001791,0.05733387391775102,-0.1771809729629954,1.5168647058092226,1.461993576931408,0.012532657400124991,0.030285179878820068
"[0.01400000000000003, -0.015999999999999997, 0.17]",11042,988001791,0.04485000634312769,-0.1918707511828277,-1.229064792651986,1.4670013147247125,0.010393654443966893,0.022339174457390504
"[0.01400000000000003, -0.015999999999999997, 0.17]",11042,992001791,0.038951308224624115,-0.19864322825270442,-1.2420257303191882,1.467924496370066,0.009151952816855102,0.018681666431786897
"[0.01400000000000003, -0.015999999999999997, 0.17]",11042,996001791,0.05060693721180515,-0.18511553688022175,0.28789227939006423,1.4646457668504567,0.01122655727781674,0.025963091885539635
"[0.01400000000000003, -0.015999999999999997, 0.17]",11043,1791,0.03884564515610889,-0.19869377533274424,-1.2670582166390538,1.468150258498666,0.008955869134748218,0.01860750695634375
"[0.01400000000000003, -0.015999999999999997, 0.17]",11043,4001791,0.04561538442368501,-0.19083556058150464,0.24559889676704927,1.465552985404128,0.00990421702962374,0.022907245183368646
"[0.01400000000000003, -0.015999999999999997, 0.17]",11043,8001791,0.03372639153349516,-0.20443095498493769,-1.321078983268265,1.4690774796275918,0.0077111189780367795,0.015543044676444656
"[0.01400000000000003, -0.015999999999999997, 0.17]",11043,12001791,0.04557623406824385,-0.19075995982816885,0.2097240768326749,1.465776046796238,0.009824753506309403,0.022945464862717563
"[0.01400000000000003, -0.015999999999999997, 0.17]",11043,16001791,0.028683570400098946,-0.21609668636359913,0.2931216821768281,0.04071663236438816,0.008453095328344817,0.009423558638093299
"[0.01400000000000003, -0.015999999999999997, 0.17]",11043,21001791,0.04467725331634059,-0.19203309182272932,-1.019916741042568,1.4675573398148023,0.009750489019311415,0.022241528092585117
"[0.01400000000000003, -0.015999999999999997, 0.17]",11043,24001791,0.029843312038458414,-0.20837036112034824,-1.2123068737341889,1.4697613427188259,0.006696037295715218,0.01353521728728213
"[0.01400000000000003, -0.015999999999999997, 0.17]",11043,28001791,0.04936647084166279,-0.1865501964489411,0.29378151460875657,1.4655533952782624,0.010607173970372141,0.02514121306310918
"[0.01400000000000003, -0.015999999999999997, 0.17]",11043,32001791,0.04525324218319288,-0.19089457041115843,0.24984788995158524,1.4661961337171971,0.009601219598557975,0.02286869102343364
"[0.01400000000000003, -0.015999999999999997, 0.17]",11043,36001791,0.03243578014688869,-0.20581024161105255,-1.330927118285917,1.4699051742448088,0.007278603125216998,0.014778387896450446
"[0.01400000000000003, -0.015999999999999997, 0.17]",11043,40001791,0.0449806319340324,-0.19108746050975256,0.09021992325578765,1.4666016676955682,0.009483197204988247,0.022736388669878066
"[0.01400000000000003, -0.015999999999999997, 0.17]",11043,45001791,0.019077435358486994,-0.22646997987993522,-1.3929174376144893,0.044528190844887794,0.006150060165780458,0.0038989715873237463
"[0.01400000000000003, -0.015999999999999997, 0.17]",11043,48001791,0.03967660838815157,-0.19747084810727955,-1.2368903494518015,1.4690693258443301,0.008236449495910625,0.01937153307905548
"[0.01400000000000003, -0.015999999999999997, 0.17]",11043,52001791,0.04795885889645046,-0.18807775416431127,1.1880760546108213,1.4653399853231008,0.009875784869449289,0.024253259697613883
"[0.01400000000000003, -0.015999999999999997, 0.17]",11043,56001791,0.042465749976285494,-0.1931237098544667,1.1769192970886913,1.4660093906039569,0.00830574987856103,0.02179272100386556
"[0.01400000000000003, -0.015999999999999997, 0.17]",11043,60001791,0.03915026318020104,-0.1976144687161394,-1.5925184309255052,1.4698694577947347,0.00810605488021654,0.019233975345229803
"[0.01400000000000003, -0.015999999999999997, 0.17]",11043,64001791,0.04502750116000148,-0.1908092831940955,-0.08102470606380052,1.4674363986918126,0.009086846805452575,0.02292704551143604
"[0.01400000000000003, -0.015999999999999997, 0.17]",11043,68001791,0.03861854052362701,-0.1981995544103583,-1.5096650258185527,1.4700800145466213,0.00797466293649407,0.0188954125975431
"[0.01400000000000003, -0.015999999999999997, 0.17]",11043,72001791,0.04484747448243276,-0.19087219789628662,-0.026675735420045754,1.4676107458475456,0.008996794287702725,0.02285355282814988
"[0.01400000000000003, -0.015999999999999997, 0.17]",11043,76001791,0.050652499131180806,-0.18429939630852843,0.17785821937827606,1.4666833548775529,0.010032016489270212,0.02638645939071546
"[0.01400000000000003, -0.015999999999999997, 0.17]",11043,80001791,0.05048410519779711,-0.18449502467830925,0.3124505692781092,1.466647446715313,0.009890906859182147,0.02626183795771253
"[0.01400000000000003, -0.015999999999999997, 0.17]",11043,84001791,0.044820495660083615,-0.19083360478748368,0.26194594772257673,1.467559175589993,0.008762217728707888,0.022833560255681784
"[0.01400000000000003, -0.015999999999999997, 0.17]",11043,88001791,0.03866377611378685,-0.19805076850754766,-1.1717107560151128,1.4701559100805741,0.007617774758568396,0.018923537725498346
"[0.01400000000000003, -0.015999999999999997, 0.17]",11043,92001791,0.044363096764869936,-0.1918255104630493,-0.9532614488965976,1.4692276087969143,0.00855429330802493,0.022306360975647033
"[0.01400000000000003, -0.015999999999999997, 0.17]",11043,96001791,0.04280121906941675,-0.19393187734221762,-0.935101162790339,1.4695541200416113,0.008300925526836922,0.021131696183240734
"[0.01400000000000003, -0.015999999999999997, 0.17]",11043,100001791,0.02716495797818974,-0.21114231947590056,-1.327029933367239,1.472155009668939,0.00516179289804275,0.011926549094506828
"[0.01400000000000003, -0.015999999999999997, 0.17]",11043,104001791,0.024267393426389172,-0.2201928417259289,-1.1736529751349103,0.045032009364880166,0.006287508769818428,0.007302760237604761
"[0.01400000000000003, -0.015999999999999997, 0.17]",11043,108001791,0.04395306481778216,-0.19202751491786962,0.19783044452338316,1.4683067276757251,0.00829244179621691,0.022266041799899383
"[0.01400000000000003, -0.015999999999999997, 0.17]",11043,112001791,0.0361037187278338,-0.20132954017403115,-1.3519788308380463,1.4713209044102524,0.007029976592363374,0.017183444198187264
"[0.01400000000000003, -0.015999999999999997, 0.17]",11043,116001791,0.04430143115285168,-0.19167341819527905,-1.0714587522332444,1.4698866469887513,0.008365124834147863,0.022498414145077944
"[0.01400000000000003, -0.015999999999999997, 0.17]",11043,120001791,0.043931814383626255,-0.19173493895750227,0.14813315582864917,1.4686129366873348,0.008222806879137234,0.02241551837244765
"[0.01400000000000003, -0.015999999999999997, 0.17]",11043,124001791,0.039243310697586964,-0.19685520880925367,0.014772640722629404,1.4694739396602081,0.0071088337679923175,0.019691944518150067
"[0.01400000000000003, -0.015999999999999997, 0.17]",11043,128001791,0.05038465389030761,-0.18424607586883646,0.20448521957684207,1.4678342984716102,0.009246335387578908,0.026442120312123646
"[0.01400000000000003, -0.015999999999999997, 0.17]",11043,132001791,0.01877716347677827,-0.2260363731850532,-1.2122511328539822,0.046452420701818875,0.004876375991386794,0.00420650734308764
"[0.01400000000000003, -0.015999999999999997, 0.17]",11043,136001791,0.05527534817928842,-0.17860908150874266,1.7079429655404539,1.465637667905338,0.009974949522946863,0.029422290231052944
"[0.01400000000000003, -0.015999999999999997, 0.17]",11043,140001791,0.03329821853489073,-0.2038262139528868,-1.2687423851818238,1.472146637659705,0.005733375207714442,0.015921679539784822
"[0.01400000000000003, -0.015999999999999997, 0.17]",11043,144001791,0.04558621183865963,-0.18983467669229626,-0.8918482793630425,1.4700865783735553,0.007986510625909604,0.02348580163992406
"[0.01400000000000003, -0.015999999999999997, 0.17]",11043,148001791,0.043368913912229634,-0.19223037210267613,0.15282405730809856,1.4693192539459,0.007655792836015918,0.022061524388476417
"[0.01400000000000003, -0.015999999999999997, 0.17]",11043,152001791,0.04464569908891769,-0.19051410049132045,0.15665636925456639,1.4691918536365693,0.0077743991932377465,0.023057440313789507
"[0.01400000000000003, -0.015999999999999997, 0.17]",11043,156001791,0.046054211800937384,-0.18873607282143468,0.2847521392631087,1.4689016753745712,0.007895645481838853,0.024112446137393134
"[0.01400000000000003, -0.015999999999999997, 0.17]",11043,160001791,0.04998987693490087,-0.18457008203398217,0.3819635883331962,1.4683946645842485,0.00877017858511775,0.02629338730051009
"[0.01400000000000003, -0.015999999999999997, 0.17]",11043,164001791,0.04432582640124583,-0.19088375117751966,0.3073895680847265,1.4693309938318593,0.007649679152377908,0.022912211999965848
"[0.01400000000000003, -0.015999999999999997, 0.17]",11043,168001791,0.049891512508137836,-0.18457796903630097,0.39680475938024884,1.4685514572928777,0.008641217530474199,0.026281437080824033
"[0.01400000000000003, -0.015999999999999997, 0.17]",11043,172001791,0.04025341729707371,-0.1952505597752321,0.30387657537670876,1.4700085737788096,0.006572725271289714,0.020644251550048703
"[0.01400000000000003, -0.015999999999999997, 0.17]",11043,176001791,0.03442391839460884,-0.2020497255199949,-1.0450545985027695,1.4724424931290956,0.005510517573897866,0.01699808698824845
"[0.01400000000000003, -0.015999999999999997, 0.17]",11043,180001791,0.04358566039902856,-0.19168528236282967,0.16433563319037248,1.4699375056018824,0.007293501032916705,0.022415651575032475
"[0.01400000000000003, -0.015999999999999997, 0.17]",11043,184001791,0.0500802282092947,-0.18432767055920785,0.30291195850714914,1.4689662087329816,0.008348052980795329,0.026425082304597475
"[0.01400000000000003, -0.015999999999999997, 0.17]",11043,188001791,0.040418176860418265,-0.1958445340734798,-0.008365324216622838,1.4708693616705597,0.006797739996980079,0.020102366743867506
"[0.01400000000000003, -0.015999999999999997, 0.17]",11043,192001791,0.0449367271850355,-0.18999063222667267,0.16389608457722105,1.4700018282044272,0.007264032533944809,0.023453610360613553
"[0.01400000000000003, -0.015999999999999997, 0.17]",11043,196001791,0.02406092470655191,-0.21975878276406569,-1.0979677919187907,0.046998652560565235,0.005052601994598005,0.007692656982180662
"[0.01400000000000003, -0.015999999999999997, 0.17]",11043,200001791,0.03152536211955198,-0.20562774902046144,-1.2860636836635244,1.4737514891571655,0.00486112306337616,0.015021248869770992
"[0.01400000000000003, -0.015999999999999997, 0.17]",11043,204001791,0.04282819235906926,-0.19246372928629896,0.10668999431785764,1.4706758540795257,0.006953194308119359,0.022031002635588437
"[0.01400000000000003, -0.015999999999999997, 0.17]",11043,208001791,0.040473266613204995,-0.19450133250990298,0.22607374608562125,1.470835763362406,0.0061879640916318035,0.021093786583460755
"[0.01400000000000003, -0.015999999999999997, 0.17]",11043,212001791,0.03854849514740882,-0.19692339473724374,0.06521799334004896,1.4714338475317077,0.005931348024548866,0.019696002329757573
"[0.01400000000000003, -0.015999999999999997, 0.17]",11043,216001791,0.024007337337258294,-0.21958691442578626,-1.0549919731894981,0.047392541581730674,0.004811876592254016,0.007781746650345922
"[0.01400000000000003, -0.015999999999999997, 0.17]",11043,220001791,0.03690634479891097,-0.19940112133343746,-1.1159460864942865,1.4732614859234994,0.005686712822577489,0.0183408848077683
"[0.01400000000000003, -0.015999999999999997, 0.17]",11043,224001791,0.06290916159770404,-0.16857987808795905,3.2958268945213547,1.4645634639992164,0.010146458741734588,0.03493632904744379
"[0.01400000000000003, -0.015999999999999997, 0.17]",11043,228001791,0.049809488151269954,-0.18428984643252377,0.4302286963388724,1.4698185270432107,0.007767352047851839,0.02647438633690699
"[0.01400000000000003, -0.015999999999999997, 0.17]",11043,232001791,0.03846307603424909,-0.19710051194515898,0.20003472474642336,1.4717221853461806,0.0055348097168368415,0.019635269485369478
"[0.01400000000000003, -0.015999999999999997, 0.17]",11043,236001791,0.04409163974228553,-0.19063792351715136,0.18695157194102663,1.4710492278591007,0.0066113344562976906,0.023091261079198427
"[0.01400000000000003, -0.015999999999999997, 0.17]",11043,240001791,0.05433950752529515,-0.17895159865461707,1.592087144962413,1.4681509402320694,0.008589356502280099,0.0293140144195925
"[0.01400000000000003, -0.015999999999999997, 0.17]",11043,244001791,0.038256806391750775,-0.19748356501567166,-1.2061046928827395,1.4736511835740318,0.005519734530703868,0.019493056254218516
"[0.01400000000000003, -0.015999999999999997, 0.17]",11043,248001791,0.03785025244641338,-0.1980329262643341,-1.1149612680174101,1.473701593146957,0.005439361477269644,0.019205768951945118
"[0.01400000000000003, -0.015999999999999997, 0.17]",11043,252001791,0.05408593859918648,-0.17919592907388626,1.7581491326253342,1.4682570274640474,0.008469519969725114,0.02921675531274684
"[0.01400000000000003, -0.015999999999999997, 0.17]",11043,256001791,0.04782181790032347,-0.1863925075343822,0.20305606752019756,1.4710003341283193,0.007369595146419883,0.025312198203178787
"[0.01400000000000003, -0.015999999999999997, 0.17]",11043,260001791,0.04504089137044115,-0.18917987721083662,0.2023918056445666,1.4713942292241269,0.006471307514950064,0.023962913323034157
"[0.01400000000000003, -0.015999999999999997, 0.17]",11043,264001791,0.04386933873932808,-0.19065140212030407,0.18886622693028343,1.4716979388921223,0.0063139317090668,0.02313616256118392
"[0.01400000000000003, -0.015999999999999997, 0.17]",11043,268001791,0.04930988104454492,-0.18441040685227428,0.3188363358502535,1.4708859059638502,0.0073581726199556385,0.026457674980732315
"[0.01400000000000003, -0.015999999999999997, 0.17]",11043,272001791,0.04339911103706717,-0.19120417135534318,0.1526573037257819,1.4719948610638625,0.006103310139917717,0.02281974784668131
"[0.01400000000000003, -0.015999999999999997, 0.17]",11043,276001791,0.05412604004994298,-0.1789296254651358,1.5694830037429632,1.4690063105855313,0.008082054392235971,0.02935083993290291
"[0.01400000000000003, -0.015999999999999997, 0.17]",11043,280001791,0.02365272200676871,-0.21960053364483478,-1.0843156133514178,0.04888571045532397,0.003926344540065463,0.00790847478414805
"[0.01400000000000003, -0.015999999999999997, 0.17]",11043,284001791,0.02307676448286189,-0.22034383206420394,-1.009067430760652,0.04897753087441714,0.0038273021999235546,0.007501867729337669
"[0.01400000000000003, -0.015999999999999997, 0.17]",11043,288001791,0.04868079877629633,-0.18500368953933943,1.7175222886863928,1.4698340670622452,0.006909465076794463,0.02617110296609354
"[0.01400000000000003, -0.015999999999999997, 0.17]",11043,292001791,0.05663613460206268,-0.17546687998696164,1.8271315916682234,1.4686092962594188,0.00823872692122829,0.031333165343834596
"[0.01400000000000003, -0.015999999999999997, 0.17]",11043,296001791,0.017388873198691424,-0.2264745378058617,-1.1841275401172062,0.0501930394177843,0.0026582085614519357,0.004219387722611961
"[0.01400000000000003, -0.015999999999999997, 0.17]",11043,300001791,0.04247087326648247,-0.19212097862306443,0.18934206864634717,1.4727064239932344,0.00575769779806401,0.02235629199501299
"[0.01400000000000003, -0.015999999999999997, 0.17]",11043,304001791,0.05382290646850263,-0.17899966694016456,1.5935208969408983,1.4696166619313296,0.007805463975288474,0.029356181893657463
"[0.01400000000000003, -0.015999999999999997, 0.17]",11043,308001791,0.04771581403634734,-0.18621595613380393,0.09492608170196348,1.472299463119612,0.006686095758983601,0.025505135754687575
"[0.01400000000000003, -0.015999999999999997, 0.17]",11043,312001791,0.04324575366380429,-0.19094489739007514,0.0057476439549226654,1.4730704699840256,0.005700246590903069,0.023049692042375086
"[0.01400000000000003, -0.015999999999999997, 0.17]",11043,316001791,0.039454467421598916,-0.1949339277024844,0.046539810960492645,1.473587622790654,0.0047183766888314604,0.021034547879094978
"[0.01400000000000003, -0.015999999999999997, 0.17]",11043,320001791,0.05695499394318382,-0.17468578930228063,2.898688687668642,1.467991003690508,0.007802515498984919,0.031842563035552385
"[0.01400000000000003, -0.015999999999999997, 0.17]",11043,324001791,0.04347079376780538,-0.1905601990113599,-0.08280285677548349,1.4734424077754738,0.0054988872353392,0.023278356925853227
"[0.01400000000000003, -0.015999999999999997, 0.17]",11043,328001791,0.03255001718842865,-0.20283194376889213,-1.6376809532772931,1.4768150047349793,0.003405389655357194,0.016752136050907834
"[0.01400000000000003, -0.015999999999999997, 0.17]",11043,332001791,0.0376601347221599,-0.1968952651109781,-0.25055471299885923,1.4746502471541107,0.004336125758903409,0.019911564107636115
"[0.01400000000000003, -0.015999999999999997, 0.17]",11043,336001791,0.012456944561699768,-0.23134865634155766,-1.5080848438724495,0.05223793422715928,0.0011494445551070154,0.0017762171217071687
"[0.01400000000000003, -0.015999999999999997, 0.17]",11043,340001791,0.04217627135444946,-0.1919813599732585,-0.04742753562044655,1.474053539997365,0.0052246458415659,0.022502185341219227
"[0.01400000000000003, -0.015999999999999997, 0.17]",11043,344001791,0.038780158726075487,-0.19526336044284243,-0.10140915931169303,1.4746013858373264,0.0043508961223552856,0.02082930478411249
"[0.01400000000000003, -0.015999999999999997, 0.17]",11043,348001791,0.043183854914343345,-0.1903929030973739,-0.01109243142063221,1.4740302718766327,0.005269079090790552,0.02336937259452837
"[0.01400000000000003, -0.015999999999999997, 0.17]",11043,352001791,0.03522205618556584,-0.19992996753406977,-1.5900907897518763,1.4771244956825555,0.0039002015028619663,0.018180800933550983
"[0.01400000000000003, -0.015999999999999997, 0.17]",11043,357001791,0.02902565454211492,-0.2122062146530208,0.18425381972531696,0.04853647509754011,0.004072444384063845,0.011971663541975902
"[0.01400000000000003, -0.015999999999999997, 0.17]",11043,360001791,0.03692675901812453,-0.19787799149128915,-1.220839513521586,1.4766241206482242,0.0039881710315667895,0.019417909879181044
"[0.01400000000000003, -0.015999999999999997, 0.17]",11043,364001791,0.03852732226188493,-0.1956299419671268,0.14886650371012422,1.474871591567113,0.003936987546427684,0.02068088804532736
"[0.01400000000000003, -0.015999999999999997, 0.17]",11043,368001791,0.04474835011024775,-0.18852036201122147,0.39167001326926254,1.4738044913273933,0.005048406872841582,0.024507299745559125
"[0.01400000000000003, -0.015999999999999997, 0.17]",11043,373001791,0.02258024336666603,-0.2199877385582507,-0.9640073310765267,0.05112732843541479,0.002678284590902358,0.007857207105641223
"[0.01400000000000003, -0.015999999999999997, 0.17]",11043,376001791,0.036178635395290815,-0.19856518726744454,0.2113143598138727,1.475439003296482,0.0035768315962054764,0.01905707056995737
"[0.01400000000000003, -0.015999999999999997, 0.17]",11043,380001791,0.03672342593004735,-0.19800940799483513,-1.2060099140971055,1.477056276141017,0.0036919827208181655,0.019374640629064493
"[0.01400000000000003, -0.015999999999999997, 0.17]",11043,384001791,0.018413373821164036,-0.22426031475415265,-1.1040533409797995,0.05206243102278485,0.0016791144235461797,0.005711630572064197
"[0.01400000000000003, -0.015999999999999997, 0.17]",11043,388001791,0.0532769267551958,-0.17884746519889383,1.7863977836242562,1.471513597387568,0.0067378856814022114,0.029614896210420155
"[0.01400000000000003, -0.015999999999999997, 0.17]",11043,392001791,0.04118042400311839,-0.1927778696465765,0.0824373232749771,1.475251208398256,0.0045164762321878715,0.022165367989209178
"[0.01400000000000003, -0.015999999999999997, 0.17]",11043,396001791,0.042871095767118506,-0.1906414562987475,0.10991005330580705,1.4750350397021554,0.004606065421623118,0.023399884698001583
"[0.01400000000000003, -0.015999999999999997, 0.17]",11043,400001791,0.05306492097775273,-0.1790471381381291,1.5411798906654859,1.4721147321496142,0.0065783569910564665,0.02952157540735298
"[0.01400000000000003, -0.015999999999999997, 0.17]",11043,404001791,0.037994751606786115,-0.19611770082987512,-1.227299507594001,1.4774026938554021,0.0036115341697231518,0.020547809358951008
"[0.01400000000000003, -0.015999999999999997, 0.17]",11043,408001791,0.049868899625499286,-0.18221952118225992,1.6834132486372546,1.4724932543802134,0.005604610522419673,0.0279666244501994
"[0.01400000000000003, -0.015999999999999997, 0.17]",11043,412001791,0.028583688638820326,-0.21255685646738876,0.3821462633856143,0.049618559983549915,0.003280607969465832,0.011955882960244024
"[0.01400000000000003, -0.015999999999999997, 0.17]",11043,417001791,0.023367689310304585,-0.2185750563803719,-0.9419134446353645,0.051920879433774214,0.0022691412037458836,0.008779385545291396
"[0.01400000000000003, -0.015999999999999997, 0.17]",11043,420001791,0.03303394268984072,-0.20223483400331688,-0.02391722095597615,1.477204868417342,0.0027431682986278627,0.01707774784344701
"[0.01400000000000003, -0.015999999999999997, 0.17]",11043,424001791,0.032033200509642645,-0.2025072316275569,-1.4866239210760845,1.4789475035810278,0.0022284761786539597,0.017110085900003236
"[0.01400000000000003, -0.015999999999999997, 0.17]",11043,428001791,0.042721431692557044,-0.19050087643402946,0.10017686807575288,1.4757872737420348,0.004240469349646947,0.02353324686242056
"[0.01400000000000003, -0.015999999999999997, 0.17]",11043,432001791,0.04999043804684705,-0.18171204084643655,1.6471079742440544,1.4730415043399498,0.005413051310826367,0.028297027206474756
"[0.01400000000000003, -0.015999999999999997, 0.17]",11043,436001791,0.04878200947999001,-0.18331901699757225,1.6291317212313565,1.4733649604006922,0.005245836913112978,0.027409928678321177
"[0.01400000000000003, -0.015999999999999997, 0.17]",11043,440001791,0.04780083067350427,-0.18467362500040707,0.24309544191730126,1.4752004985520353,0.005159492539264843,0.026635266588637463
"[0.01400000000000003, -0.015999999999999997, 0.17]",11043,444001791,0.04228476701181716,-0.19091753266784472,0.21560640679222587,1.476085884976563,0.004008047304856044,0.02334923025556601
"[0.01400000000000003, -0.015999999999999997, 0.17]",11043,448001791,0.04781438661628573,-0.184686605322268,0.335958706727574,1.4752731023843402,0.0050578563378480546,0.02665054014353896
"[0.01400000000000003, -0.015999999999999997, 0.17]",11043,452001791,0.034621447594014754,-0.20008177901067903,-1.2491492870360972,1.4790604619228906,0.0026764128824674494,0.01840835954438108
"[0.01400000000000003, -0.015999999999999997, 0.17]",11043,456001791,0.031380905720378216,-0.203271936665125,-1.382970111133588,1.4796751868799005,0.0017346999630647453,0.016813179930550426
"[0.01400000000000003, -0.015999999999999997, 0.17]",11043,460001791,0.04761088047431428,-0.18487638228028125,0.19390699622629626,1.4757442788915596,0.0048443043174188904,0.026566656351862367
"[0.01400000000000003, -0.015999999999999997, 0.17]",11043,464001791,0.020570966192726303,-0.22169766963854798,-1.2061896189012984,0.053794187732314036,0.00145686779417864,0.0071805665079077985
"[0.01400000000000003, -0.015999999999999997, 0.17]",11043,468001791,0.02946639172346094,-0.20571801471106177,-1.3654279378569179,1.4802676972271156,0.001434103212412774,0.015526429892671029
"[0.01400000000000003, -0.015999999999999997, 0.17]",11043,472001791,0.029420264206115987,-0.20571106668915107,-1.3718707461702841,1.4803695566313353,0.001401606774221742,0.015537841043843537
"[0.01400000000000003, -0.015999999999999997, 0.17]",11043,476001791,0.04071917555491811,-0.19262057860900583,0.049766994723146496,1.4772599059631688,0.00350157412363572,0.02246916469095933
"[0.01400000000000003, -0.015999999999999997, 0.17]",11043,480001791,0.049641425596193,-0.1817477529433713,1.6139559916573063,1.4742188625295567,0.004856074843198943,0.02839575388133528
"[0.01400000000000003, -0.015999999999999997, 0.17]",11043,484001791,0.03720313632703026,-0.1964024537360416,-1.180265221031135,1.4792719574343898,0.002646899131191871,0.02059709227503942
"[0.01400000000000003, -0.015999999999999997, 0.17]",11043,488001791,0.047988247002839324,-0.1838404403362368,1.7014859770612993,1.474573957336682,0.0045496933189759226,0.027240380770985756
"[0.01400000000000003, -0.015999999999999997, 0.17]",11043,492001791,0.018140645797095456,-0.22327649122076387,0.1388893134843805,0.05310106479762777,0.0003875688642036579,0.006557116693130166
"[0.01400000000000003, -0.015999999999999997, 0.17]",11043,496001791,0.037649721811017944,-0.19541460839294977,0.13162793508458392,1.4779433592102365,0.002484810456431674,0.02114673748769874
"[0.01400000000000003, -0.015999999999999997, 0.17]",11043,500001791,0.05964798080493722,-0.1702725301535608,3.080358349276878,1.4716262344830606,0.00653783992350232,0.03444919696826709
"[0.01400000000000003, -0.015999999999999997, 0.17]",11043,504001791,0.041794355822405316,-0.19099142128369628,0.03639820195324006,1.4777217196797658,0.0032596102823740924,0.023450751738040343
"[0.01400000000000003, -0.015999999999999997, 0.17]",11043,508001791,0.05324512175585466,-0.1777564146967432,1.5052829318296084,1.4745429920211117,0.005374327100616805,0.03048966637343367
"[0.01400000000000003, -0.015999999999999997, 0.17]",11043,512001791,0.04144137728624275,-0.19126652959556445,-0.08971799210857867,1.4781236776318356,0.0031761766630917787,0.02333720446154139
"[0.01400000000000003, -0.015999999999999997, 0.17]",11043,516001791,0.048006129759717076,-0.18353772632550047,1.3967245808365156,1.4755959820338043,0.004265868071780199,0.027510594316311948
"[0.01400000000000003, -0.015999999999999997, 0.17]",11043,520001791,0.03613332387408014,-0.1970732538776101,-0.18723130722178283,1.479171940427379,0.0020589272095523636,0.020322440672165265
"[0.01400000000000003, -0.015999999999999997, 0.17]",11043,524001791,0.04179090935143237,-0.1906939933741345,-0.06778961709625975,1.478361036492026,0.0031196403982436394,0.023713067493811663
"[0.01400000000000003, -0.015999999999999997, 0.17]",11043,528001791,0.04270154522522124,-0.18940749778883692,0.023593745834318725,1.4781966964178932,0.003185470408505253,0.0244371556777202
"[0.01400000000000003, -0.015999999999999997, 0.17]",11043,532001791,0.015482264941069968,-0.22651799064223788,-1.3319314979726293,0.056245377330663926,-0.00029309703238622475,0.004900014991453067
"[0.01400000000000003, -0.015999999999999997, 0.17]",11043,536001791,0.03767078418799519,-0.1950202201937472,0.19351870649684244,1.4788780319451158,0.002018712602218864,0.021516166247074642
"[0.01400000000000003, -0.015999999999999997, 0.17]",11043,540001791,0.021163047665610113,-0.21993986096561002,-1.1835957089984035,0.0554548565858104,0.0007411187136807662,0.00835998399327903
"[0.01400000000000003, -0.015999999999999997, 0.17]",11043,545001791,0.022781026011737704,-0.2176437304418961,0.31201455282237944,0.05354869883642488,0.0007407865786184242,0.009688880660160909
"[0.01400000000000003, -0.015999999999999997, 0.17]",11043,548001791,0.05291651660041763,-0.17780794275745038,1.8103078068920162,1.475220714616056,0.004854622575129364,0.030545891079290982
"[0.01400000000000003, -0.015999999999999997, 0.17]",11043,552001791,0.02537208136133584,-0.2091706985331605,-1.328821316474194,1.4827041496485633,-0.0004352677959926776,0.014028764051588982
"[0.01400000000000003, -0.015999999999999997, 0.17]",11043,556001791,0.045517339366574094,-0.1866249006580496,0.2161483672208604,1.478304485153082,0.003587326009380609,0.02585645352057503
"[0.01400000000000003, -0.015999999999999997, 0.17]",11043,560001791,0.04125364264226855,-0.19116566472146346,0.1976861195447448,1.4789624070634066,0.0026171996632673444,0.023567703117162386
"[0.01400000000000003, -0.015999999999999997, 0.17]",11043,564001791,0.01583954389956499,-0.22599080362694934,-1.104853413923717,0.0566347315995166,-0.0006037193334385016,0.005393550343567949
"[0.01400000000000003, -0.015999999999999997, 0.17]",11043,568001791,0.030295977934933216,-0.2034773429508352,0.09453858962627848,1.4807695599207333,0.00040019826015913473,0.017153898366883025
"[0.01400000000000003, -0.015999999999999997, 0.17]",11043,572001791,0.005733852947037321,-0.2368537183183541,-1.4316652522192435,0.05853232140041276,-0.0026987860195351043,-0.0002908087700252415
"[0.01400000000000003, -0.015999999999999997, 0.17]",11043,576001791,0.026070436262450092,-0.20768396888587048,-0.15795993308042355,1.481766578303856,-0.0005705762777141743,0.015000451779005247
"[0.01400000000000003, -0.015999999999999997, 0.17]",11043,580001791,0.04213788737683277,-0.18952156091451755,1.3245724821353235,1.4779733299069076,0.0024812386119588137,0.02456058763808583
"[0.01400000000000003, -0.015999999999999997, 0.17]",11043,584001791,0.03664367129747231,-0.19570620280781625,-0.22259197154517452,1.4805958402686263,0.0014588557855481632,0.02129243298235403
"[0.01400000000000003, -0.015999999999999997, 0.17]",11043,588001791,0.029480491386237206,-0.2042207894375565,-1.6300666267631456,1.4833624709800717,0.0002319950313109942,0.016767961385027758
"[0.01400000000000003, -0.015999999999999997, 0.17]",11043,592001791,0.040091448492402426,-0.1923554921341939,-0.006926790720964249,1.4801710647727333,0.002130574554279674,0.023045009450285425
"[0.01400000000000003, -0.015999999999999997, 0.17]",11043,596001791,0.05263516603286189,-0.1776983990217662,1.589632208074665,1.476655241990897,0.004359640211396787,0.030811230142266555
"[0.01400000000000003, -0.015999999999999997, 0.17]",11043,600001791,0.0399384045788278,-0.1926285046573586,-1.2958567473185703,1.4818587841566542,0.0021189951832225606,0.02285851076728526
"[0.01400000000000003, -0.015999999999999997, 0.17]",11043,604001791,0.034081968225207704,-0.1991694132157047,-1.4002999290891331,1.4828911378206342,0.0009683656381467287,0.019406871335066994
"[0.01400000000000003, -0.015999999999999997, 0.17]",11043,608001791,0.015013435990837376,-0.226216152065561,-1.4467476501750305,0.05822969049550952,-0.0011376868863195444,0.005331304480798854
"[0.01400000000000003, -0.015999999999999997, 0.17]",11043,612001791,0.03975775833234502,-0.19240936123932606,-0.002714366395036194,1.4807053228491345,0.0019389153286335503,0.02302092762923169
"[0.01400000000000003, -0.015999999999999997, 0.17]",11043,616001791,0.04683399963988666,-0.18393374010637054,1.4535576326088737,1.4781089801444847,0.003092286688921808,0.0275755262340473
"[0.01400000000000003, -0.015999999999999997, 0.17]",11043,620001791,0.03486798726313167,-0.19802883835228968,-1.2984023999437149,1.4830473625221436,0.0009270220826094189,0.020155196288582505
"[0.01400000000000003, -0.015999999999999997, 0.17]",11043,624001791,0.05154479586317029,-0.1786843573423713,1.5364839884963217,1.4775715466762565,0.003988281880388467,0.0303329087028677
"[0.01400000000000003, -0.015999999999999997, 0.17]",11043,628001791,0.04837043846651329,-0.18194089539425562,1.6821675022893423,1.4778782941498325,0.0031187601305466828,0.028775715568858412
"[0.01400000000000003, -0.015999999999999997, 0.17]",11043,632001791,0.03478131596239831,-0.1977354654725456,-0.00029587559934540764,1.4818511468987077,0.000720597743100404,0.020343790673538115
"[0.01400000000000003, -0.015999999999999997, 0.17]",11043,636001791,0.046654175285166966,-0.18402622716926942,1.4546496565549027,1.4786106614843821,0.0028484085563129646,0.027610854986639455
"[0.01400000000000003, -0.015999999999999997, 0.17]",11043,640001791,0.03297404187238173,-0.20020888927656877,-1.536431273138387,1.4841183183355193,0.00046251483852910447,0.018986564157020935
"[0.01400000000000003, -0.015999999999999997, 0.17]",11043,644001791,0.016179622307252173,-0.22446216195677593,-1.4016025482259913,0.058878298689881925,-0.0014064788445369292,0.006546024543430812
"[0.01400000000000003, -0.015999999999999997, 0.17]",11043,648001791,0.03720035922705622,-0.19436759535179604,1.4037000512758375,1.4802574370411508,0.0007093767023420572,0.022363756203208157
"[0.01400000000000003, -0.015999999999999997, 0.17]",11043,652001791,0.042315530042477234,-0.18860669743544634,1.341739461372491,1.4797285261972086,0.001724028128547772,0.025349607814282166
"[0.01400000000000003, -0.015999999999999997, 0.17]",11043,656001791,0.03276418088317723,-0.2001716681210457,-1.6109740646462747,1.4846406515205697,0.00032272529582511034,0.019074218107140162
"[0.01400000000000003, -0.015999999999999997, 0.17]",11043,660001791,0.040393488025876334,-0.191110759001468,0.018510938578231162,1.4817668653450786,0.0015211766908973523,0.02398530590521078
"[0.01400000000000003, -0.015999999999999997, 0.17]",11043,664001791,0.01799985800673437,-0.21616164904615864,-1.8497320497459349,1.4871008821571834,-0.0027815906618728903,0.010788699626562315
"[0.01400000000000003, -0.015999999999999997, 0.17]",11043,668001791,0.04006657524573831,-0.19124641341829296,-0.2525482731496389,1.4823437230625611,0.0014438571363306618,0.023889506923245873
"[0.01400000000000003, -0.015999999999999997, 0.17]",11043,672001791,0.042266288081843906,-0.18833142153519766,1.2762580808982982,1.4803547990117667,0.0015339864208874232,0.025583097717650632
"[0.01400000000000003, -0.015999999999999997, 0.17]",11043,676001791,0.03340033918276569,-0.19886865257821285,-0.27974620501106884,1.483566742857023,0.00012634295329938539,0.019888509898992546
"[0.01400000000000003, -0.015999999999999997, 0.17]",11043,680001791,0.02801440569234004,-0.20482180805003658,-1.7807890606538876,1.486116935774401,-0.0008879769343073107,0.016753187113834084
"[0.01400000000000003, -0.015999999999999997, 0.17]",11043,684001791,0.045907395316070465,-0.18422294054951038,1.1936358079497182,1.4803190837526916,0.002235733529411421,0.027676833351063995
"[0.01400000000000003, -0.015999999999999997, 0.17]",11043,688001791,0.033338382701371405,-0.19877745689512416,-0.33355020197141627,1.4839900220520685,-5.391347941396951e-05,0.019986224528654867
"[0.01400000000000003, -0.015999999999999997, 0.17]",11043,692001791,0.04165683405908288,-0.18871550430094963,1.1096163272912314,1.481216428646402,0.0012332662135883243,0.02540790213283667
"[0.01400000000000003, -0.015999999999999997, 0.17]",11043,696001791,0.033243574248852104,-0.19872982674501394,-0.3891144494938388,1.4843024230543458,-0.0001303736620641427,0.020044703141855386
"[0.01400000000000003, -0.015999999999999997, 0.17]",11043,700001791,0.03937316568389315,-0.19203613332174996,-1.4619025192677846,1.4847749888322377,0.0010415409626109984,0.023613123537311625
"[0.01400000000000003, -0.015999999999999997, 0.17]",11043,704001791,0.03896108956710431,-0.19223205921132624,-0.10944515185395076,1.4834009500518779,0.0008882154353582195,0.023505890083868164
"[0.01400000000000003, -0.015999999999999997, 0.17]",11043,708001791,0.03787978210872478,-0.19352002798179413,-0.2554062140834823,1.483861938117303,0.0007422172273596761,0.022772633719680135
"[0.01400000000000003, -0.015999999999999997, 0.17]",11043,712001791,0.03863410377273668,-0.1926087622300976,-0.12510680899249849,1.483706303034889,0.0007803736944451689,0.023331609134386616
"[0.01400000000000003, -0.015999999999999997, 0.17]",11043,716001791,0.0334124113432247,-0.19858051455139858,-1.4271296778117595,1.48600869868899,-0.00023811825112884932,0.020236869486703835
"[0.01400000000000003, -0.015999999999999997, 0.17]",11043,720001791,0.03159323680989956,-0.20087803429879436,-1.4997806798568867,1.4865029018208782,-0.0004981718413625824,0.01895462887767052
"[0.01400000000000003, -0.015999999999999997, 0.17]",11043,724001791,0.03881075482547136,-0.19239177739754787,-1.3501542142915035,1.4854254495288006,0.0007257983093678089,0.023498172863518074
"[0.01400000000000003, -0.015999999999999997, 0.17]",11043,728001791,0.03001045237396538,-0.20167073125812252,-0.08070383982039431,1.485189660621805,-0.0012845044416800455,0.018791578234855777
"[0.01400000000000003, -0.015999999999999997, 0.17]",11043,732001791,0.03873220441530356,-0.1928432676940961,0.8861098633603355,1.4832221929749785,0.0009266023318670324,0.023028306982883218
"[0.01400000000000003, -0.015999999999999997, 0.17]",11043,736001791,0.023896788714856176,-0.20914033909824248,-2.1865473540944755,1.4888433068922682,-0.0019527199364577363,0.014572831800233887
"[0.01400000000000003, -0.015999999999999997, 0.17]",11043,740001791,0.03230840100944932,-0.1990624501195164,-0.7371590284679961,1.48608113858295,-0.0006547365973186281,0.020059635945519766
"[0.01400000000000003, -0.015999999999999997, 0.17]",11043,744001791,0.03756188312281311,-0.19361134465040308,-1.8159444482027318,1.4867437270330695,0.00041197545891802356,0.022968964786284296
"[0.01400000000000003, -0.015999999999999997, 0.17]",11043,748001791,0.03159520042791408,-0.20006295790248174,-0.6062406701687664,1.4863383746497745,-0.0008298224146741084,0.019593830228814807
"[0.01400000000000003, -0.015999999999999997, 0.17]",11043,752001791,0.056092208127901555,-0.1719800121599917,2.5831410987201586,1.4793680976596404,0.003564824504651787,0.034418702278078944
"[0.01400000000000003, -0.015999999999999997, 0.17]",11043,756001791,0.03893460182154085,-0.19141894930488412,-0.290434641671137,1.4851452300218941,0.0003573716620477452,0.024190904043365574
"[0.01400000000000003, -0.015999999999999997, 0.17]",11043,760001791,0.034242195071492953,-0.19681818962448006,-1.4101327072962384,1.4871645068131327,-0.0006261000908154291,0.02142734891136605
"[0.01400000000000003, -0.015999999999999997, 0.17]",11043,764001791,0.0033934834192131946,-0.23684500196881864,-0.35524032412454787,0.06292350294314386,-0.005097254979375743,0.0005654051307671937
"[0.01400000000000003, -0.015999999999999997, 0.17]",11043,768001791,0.0637962982771112,-0.16203474837785414,4.247717159581452,1.476715032582871,0.004647943019985723,0.0396328713500016
"[0.01400000000000003, -0.015999999999999997, 0.17]",11043,772001791,0.02748026383390123,-0.2038750791326187,-0.5959509136157415,1.4874275408875486,-0.0023592814796178363,0.018261920963416
"[0.01400000000000003, -0.015999999999999997, 0.17]",11043,777001791,3.5156029755229485,-0.5643768284267381,83.74648836158089,-1.292440121324607,-0.05407739210624318,-0.02336446778725698
"[0.01400000000000003, -0.015999999999999997, 0.17]",11043,781001791,3.763075660740942,-1.3942289719499463,161.2472999607211,-0.5261892422174361,0.14957461479087408,0.10135455833064966
"[0.01400000000000003, -0.015999999999999997, 0.17]",11043,784001791,-11.62991698959834,0.8248082281037341,132.07951983495616,0.7157885342402032,0.5304761095211319,-0.3722709417218256
"[0.01400000000000003, -0.015999999999999997, 0.17]",11043,788001791,-14.007956839667859,0.1968808826928985,152.27962736225462,1.1198112479589954,-0.12274398236271544,-0.1380475971872015
"[0.01400000000000003, -0.015999999999999997, 0.17]",11043,792001791,2.2297900146016265,-1.492847716186633,213.9959195361947,1.0847577147144007,1.874851757756797,-0.12150906124590966
"[0.01400000000000003, -0.015999999999999997, 0.17]",11043,796001791,1.2137964132810835,-0.805747943753401,211.5190763345371,1.969053417828285,1.248026602989391,-0.04391013955265033
"[0.01400000000000003, -0.015999999999999997, 0.17]",11043,800001791,-0.21956324189592993,-1.2376725967307252,165.0203007452724,-1.0944678863183321,-0.2970570455980994,0.13043249324459272
"[0.01400000000000003, -0.015999999999999997, 0.17]",11043,804001791,-11.632102124078012,0.15065177929083973,114.82867761219167,2.9462607799867726,0.7396189282126387,0.05567830463100115
"[0.01400000000000003, -0.015999999999999997, 0.17]",11043,808001791,-12.46608782119034,0.38476591741935096,125.17289911673443,3.132378873017445,0.6771099927625096,0.14481977007358768
"[0.01400000000000003, -0.015999999999999997, 0.17]",11043,812001791,-12.461371379938244,0.6952060539599927,132.15434235612327,3.1207319822580573,0.6992380218808566,0.12511312191592946
"[0.01400000000000003, -0.015999999999999997, 0.17]",11043,816001791,-12.047209762585105,1.0365582284979755,136.73931537829574,3.0135600169907537,0.6433913366709546,0.06837089810056589
"[0.01400000000000003, -0.015999999999999997, 0.17]",11043,820001791,0.8823420762456166,-0.6097665015329419,184.0757962974648,4.050751315601595,0.2793154855481257,0.11539475473886646
"[0.01400000000000003, -0.015999999999999997, 0.17]",11043,824001791,-10.787507325703597,1.575209060447186,133.6623282927369,3.883572934035377,0.7467433575589506,0.23125701575222746
"[0.01400000000000003, -0.015999999999999997, 0.17]",11043,828001791,-8.10193981089515,1.6461881465239916,140.08716540218074,2.876239634318115,0.9148613683536246,-0.14031940671906473
"[0.01400000000000003, -0.015999999999999997, 0.17]",11043,832001791,1.3729044892456375,0.8380909873387541,207.33285922660457,1.0717861153314507,1.024998159209003,-0.12318930619934321
"[0.01400000000000003, -0.015999999999999997, 0.17]",11043,838001791,0.3315480336041817,0.6940069259826434,204.29415825481368,-0.4666088787133327,0.9354008250855633,-0.08830180530714171
"[0.01400000000000003, -0.015999999999999997, 0.17]",11043,841001791,0.3315480336041817,0.6940069259826434,204.29415825481368,-0.4666088787133327,0.9354008250855633,-0.08830180530714171
"[0.01400000000000003, -0.015999999999999997, 0.17]",11043,844001791,0.15298558704394932,0.6340332923634122,204.0777584633005,0.9790711896823998,0.9186772724405491,-0.07268938517312806
"[0.01400000000000003, -0.015999999999999997, 0.17]",11043,848001791,-0.06754672078708551,0.5139251305355828,203.90863755855227,1.0077461467596396,0.899351308100617,-0.06848623230665901
"[0.01400000000000003, -0.015999999999999997, 0.17]",11043,852001791,-0.2300307745499266,0.38334461251166196,203.5345062084689,1.040501288579154,0.8802822415485854,-0.06251416259038958
"[0.01400000000000003, -0.015999999999999997, 0.17]",11043,856001791,-0.325744793715735,0.23380521874900673,203.18232632527148,1.0696097196980567,0.8727042851680317,-0.05616703605564882
"[0.01400000000000003, -0.015999999999999997, 0.17]",11043,860001791,-0.3831095577642058,0.07715060533207918,202.81810947760923,1.104190736465253,0.8707532420697446,-0.05012202747855457
"[0.01400000000000003, -0.015999999999999997, 0.17]",11043,865001791,-0.456299721143619,-0.15599315188454455,202.34502859222704,-0.2759605576528219,0.8675920022527911,-0.05515941325664517
"[0.01400000000000003, -0.015999999999999997, 0.17]",11043,868001791,-0.42702736390186935,-0.25849857922434616,202.04372346110256,1.1769410246512892,0.8730216344275226,-0.03615020910420805
"[0.01400000000000003, -0.015999999999999997, 0.17]",11043,872001791,-0.4268652150173793,-0.4370649181333448,201.63803578612865,1.2154908922267598,0.8767749044113593,-0.028605587379089248
"[0.01400000000000003, -0.015999999999999997, 0.17]",11043,876001791,-0.42293806539550627,-0.6214445659169048,201.1498854959103,1.254136572340917,0.8793203218999674,-0.02108083038178063
"[0.01400000000000003, -0.015999999999999997, 0.17]",11043,880001791,-0.4134438655143864,-0.8122497838096194,200.65391844610565,1.294329617799245,0.8826057945452246,-0.013163589036985529
"[0.01400000000000003, -0.015999999999999997, 0.17]",11043,884001791,-0.4040342220695917,-1.0090295323728284,200.08047045101043,1.33345323603835,0.884760169527103,-0.0052269170945696
"[0.01400000000000003, -0.015999999999999997, 0.17]",11043,888001791,-0.3968205872969179,-1.2107191805667927,199.47253890803188,1.373552703744823,0.8856296206107341,0.0030305111569942367
"[0.01400000000000003, -0.015999999999999997, 0.17]",11043,892001791,-0.390321986450792,-1.417797865069053,198.80695327428245,1.4128937908251966,0.886062531886652,0.011313982340433903
"[0.01400000000000003, -0.015999999999999997, 0.17]",11043,896001791,-0.39210557676332913,-1.6286617163565182,198.08359754750362,1.4525346587561676,0.8834822624915006,0.019933437003082616
"[0.01400000000000003, -0.015999999999999997, 0.17]",11043,900001791,-0.3968020520564967,-1.844282613259585,197.31286838180233,1.4913243715571536,0.88058015405146,0.02853170449359202
"[0.01400000000000003, -0.015999999999999997, 0.17]",11043,904001791,-0.41149111563426566,-2.06222591550123,196.47891039650486,1.5299214012290963,0.8740453324920658,0.037556469922382374
"[0.01400000000000003, -0.015999999999999997, 0.17]",11043,908001791,-0.4312961280832192,-2.2843638103700457,195.5991950576766,1.5675551535770138,0.8669564118517037,0.04647203409576997
"[0.01400000000000003, -0.015999999999999997, 0.17]",11043,912001791,-0.46154213300756125,-2.5077093341461207,194.65690627437505,1.604626104986108,0.8561374504641877,0.05589995599105038
"[0.01400000000000003, -0.015999999999999997, 0.17]",11043,916001791,-0.49892203855922623,-2.734344638379124,193.66929054849138,1.640708958357465,0.8443308264263993,0.0652008053278007
"[0.01400000000000003, -0.015999999999999997, 0.17]",11043,920001791,-0.5470639364341543,-2.9613696888830816,192.6238308818211,1.675847857543896,0.8290546738822053,0.07505952300481261
"[0.01400000000000003, -0.015999999999999997, 0.17]",11043,924001791,-0.6028664770524084,-3.190702775846802,191.53582700860363,1.709935107837367,0.8125790671642197,0.08478664043769704
"[0.01400000000000003, -0.015999999999999997, 0.17]",11043,928001791,-0.6695749273957101,-3.4198918352915477,190.39589798563617,1.743015108281433,0.7927083660292984,0.09508515706110168
"[0.01400000000000003, -0.015999999999999997, 0.17]",11043,932001791,-0.7439439595971569,-3.6503523397743862,189.2173587903202,1.7749436585722547,0.7716574675987977,0.10529865125241945
